0 0.0486
1 0.008
2 0.0056
3 0.0058
4 0.0056
5 0.0059
6 0.0064
7 0.0061
8 0.0082
9 0.0071
10 0.0095
11 0.0087
12 0.0111
13 0.0113
14 0.012
15 0.013
16 0.0151
17 0.0097
18 0.0104
19 0.0102
20 0.0104
21 0.0108
22 0.0102
23 0.0109
24 0.0108
25 0.0114
26 0.0102
27 0.0103
28 0.0111
29 0.0099
30 0.01
31 0.0105
32 0.0106
33 0.0112
34 0.0102
35 0.0109
36 0.0113
37 0.0115
38 0.0106
39 0.0111
40 0.0116
41 0.0125
42 0.0134
43 0.0143
44 0.0122
45 0.0136
46 0.0135
47 0.014
48 0.0121
49 0.0127
50 0.0129
51 0.0141
52 0.0147
53 0.0153
54 0.0131
55 0.014
56 0.0125
57 0.013
58 0.0138
59 0.0144
60 0.0139
61 0.0129
62 0.014
63 0.015
64 0.0141
65 0.014
66 0.0142
67 0.014
68 0.0149
69 0.0157
70 0.0153
71 0.014
72 0.016
73 0.0134
74 0.0128
75 0.0121
76 0.0124
77 0.0126
78 0.0135
79 0.0132
80 0.0131
81 0.0134
82 0.0146
83 0.0142
84 0.0144
85 0.0147
86 0.0146
87 0.0137
88 0.0141
89 0.0147
90 0.0133
91 0.0139
92 0.013
93 0.0138
94 0.0123
95 0.013
96 0.0136
97 0.014
98 0.0152
99 0.0146
100 0.0159
101 0.0133
102 0.0142
103 0.0135
104 0.0136
105 0.0142
106 0.0134
107 0.013
108 0.0137
109 0.0137
110 0.0141
111 0.0127
112 0.0126
113 0.0128
114 0.0133
115 0.0118
116 0.0134
117 0.0121
118 0.0117
119 0.0105
120 0.0109
121 0.0105
122 0.0107
123 0.0112
124 0.0118
125 0.0123
126 0.0122
127 0.0129
128 0.0124
129 0.0125
130 0.0119
131 0.0126
132 0.012
133 0.0123
134 0.0122
135 0.0116
136 0.0118
137 0.0124
138 0.0118
139 0.013
140 0.012
141 0.0118
142 0.0122
143 0.0119
144 0.0116
145 0.0112
146 0.0118
147 0.0124
148 0.0116
149 0.0109
150 0.0107
151 0.0107
152 0.0108
153 0.0115
154 0.01
155 0.0106
156 0.0094
157 0.0097
158 0.0096
159 0.01
160 0.0097
161 0.01
162 0.0103
163 0.0102
164 0.0104
165 0.0102
166 0.0106
167 0.0099
168 0.0104
169 0.0102
170 0.0104
171 0.0106
172 0.0106
173 0.0108
174 0.0108
175 0.0109
176 0.0113
177 0.0107
178 0.0116
179 0.0113
180 0.0121
181 0.011
182 0.0113
183 0.0113
184 0.0103
185 0.0111
186 0.0114
187 0.0112
188 0.0114
189 0.0117
190 0.0115
191 0.0127
192 0.0127
193 0.0116
194 0.0117
195 0.0113
196 0.0121
197 0.0118
198 0.0117
199 0.0106
200 0.01
201 0.0099
202 0.01
203 0.0101
204 0.0099
205 0.0105
206 0.0102
207 0.011
208 0.0108
209 0.0115
210 0.0117
211 0.0123
212 0.0131
213 0.013
214 0.013
215 0.0139
216 0.0127
217 0.0136
218 0.0132
219 0.0133
220 0.0144
221 0.0142
222 0.0143
223 0.0141
224 0.0142
225 0.0145
226 0.0147
227 0.014
228 0.0154
229 0.015
230 0.0161
231 0.0157
232 0.0165
233 0.0161
234 0.0157
235 0.0164
236 0.0158
237 0.017
238 0.0177
239 0.0165
240 0.0173
241 0.0157
242 0.0166
243 0.0146
244 0.0134
245 0.0126
246 0.0123
247 0.012
248 0.012
249 0.0119
250 0.0119
251 0.0123
252 0.0122
253 0.0127
254 0.0131
255 0.0136
256 0.0126
257 0.012
258 0.0117
259 0.0128
260 0.0129
261 0.0127
262 0.0123
263 0.0118
264 0.0127
265 0.0116
266 0.0108
267 0.0118
268 0.0105
269 0.011
270 0.0111
271 0.0124
272 0.0108
273 0.0109
274 0.0096
275 0.0095
276 0.0094
277 0.0101
278 0.0089
279 0.0088
280 0.009
281 0.0091
282 0.01
283 0.0093
284 0.0097
285 0.0097
286 0.011
287 0.0103
288 0.0099
289 0.0096
290 0.0101
291 0.0097
292 0.0096
293 0.0101
294 0.0102
295 0.0096
296 0.0089
297 0.0083
298 0.0085
299 0.0082
300 0.0085
301 0.0083
302 0.0091
303 0.0083
304 0.0083
305 0.0083
306 0.0083
307 0.0083
308 0.0083
309 0.0083
310 0.0083
311 0.0083
312 0.0083
313 0.0083
314 0.0083
315 0.0083
316 0.0083
317 0.0083
318 0.0083
319 0.0083
320 0.0083
321 0.0083
322 0.0083
323 0.0083
324 0.0083
325 0.0083
326 0.0083
327 0.0083
328 0.0083
329 0.0083
330 0.0083
331 0.0083
332 0.0083
333 0.0083
334 0.0083
335 0.0083
336 0.0083
337 0.0083
338 0.0083
339 0.0083
340 0.0083
341 0.0083
342 0.0083
343 0.0083
344 0.0083
345 0.0083
346 0.0083
347 0.0083
348 0.0083
349 0.0083
350 0.0083
351 0.0083
352 0.0083
353 0.0083
354 0.0083
355 0.0083
356 0.0083
357 0.0083
358 0.0083
359 0.0083
360 0.0083
361 0.0083
362 0.0083
363 0.0083
364 0.0083
365 0.0083
366 0.0083
367 0.0083
368 0.0083
369 0.0083
370 0.0083
371 0.0083
372 0.0083
373 0.0083
374 0.0083
375 0.0084
376 0.0085
377 0.0084
378 0.0084
379 0.0082
380 0.0081
381 0.008
382 0.0078
383 0.0078
384 0.0078
385 0.0078
386 0.0078
387 0.0078
388 0.0078
389 0.0078
390 0.0078
391 0.0078
392 0.0078
393 0.0078
394 0.0078
395 0.0078
396 0.0078
397 0.0078
398 0.0078
399 0.0078
400 0.0078
401 0.0078
402 0.0078
403 0.0078
404 0.0078
405 0.0078
406 0.0078
407 0.0078
408 0.0078
409 0.0078
410 0.0078
411 0.0078
412 0.0078
413 0.0078
414 0.0078
415 0.0078
416 0.0078
417 0.0078
418 0.0078
419 0.0078
420 0.0078
421 0.0078
422 0.0078
423 0.0078
424 0.0078
425 0.0078
426 0.0078
427 0.0078
428 0.0078
429 0.0078
430 0.0078
431 0.0078
432 0.0078
433 0.0078
434 0.0078
435 0.0078
436 0.0078
437 0.0078
438 0.0078
439 0.0078
440 0.0078
441 0.0078
442 0.0078
443 0.0078
444 0.0078
445 0.0078
446 0.0078
447 0.008
448 0.0075
449 0.0072
450 0.0069
451 0.0069
452 0.0069
453 0.0069
454 0.0069
455 0.0069
456 0.0069
457 0.0069
458 0.0069
459 0.0069
460 0.0069
461 0.0069
462 0.0069
463 0.0069
464 0.0069
465 0.0069
466 0.0069
467 0.0069
468 0.0069
469 0.0069
470 0.0069
471 0.0069
472 0.0069
473 0.0069
474 0.0069
475 0.0069
476 0.0069
477 0.0069
478 0.0069
479 0.0069
480 0.0069
481 0.0069
482 0.0069
483 0.0069
484 0.0069
485 0.0069
486 0.0069
487 0.0069
488 0.0069
489 0.0069
490 0.0069
491 0.0069
492 0.0069
493 0.0069
494 0.0069
495 0.0069
496 0.0069
497 0.0069
498 0.0069
499 0.0069
500 0.0069
501 0.0069
502 0.0069
503 0.0069
504 0.0069
505 0.0069
506 0.0069
507 0.0069
508 0.0069
509 0.0069
510 0.0069
511 0.0069
512 0.0069
513 0.0069
514 0.0069
515 0.0069
516 0.0069
517 0.0069
518 0.0069
519 0.0069
520 0.0069
521 0.0069
522 0.0069
523 0.0069
524 0.0069
525 0.0069
526 0.0069
527 0.0069
528 0.0069
529 0.0069
530 0.0069
531 0.0069
532 0.0069
533 0.0069
534 0.0069
535 0.0069
536 0.0069
537 0.0069
538 0.0069
539 0.0069
540 0.0069
541 0.0069
542 0.0069
543 0.0069
544 0.0069
545 0.0069
546 0.0069
547 0.0069
548 0.0069
549 0.0069
550 0.0069
551 0.0069
552 0.0069
553 0.0069
554 0.0069
555 0.0069
556 0.0069
557 0.0069
558 0.0069
559 0.0069
560 0.0069
561 0.0069
562 0.0069
563 0.0069
564 0.0069
565 0.0069
566 0.0069
567 0.0069
568 0.0069
569 0.0069
570 0.0069
571 0.0069
572 0.0069
573 0.0069
574 0.0069
575 0.0069
576 0.0069
577 0.0069
578 0.0069
579 0.0069
580 0.0069
581 0.0069
582 0.0069
583 0.0069
584 0.0069
585 0.0069
586 0.0069
587 0.0069
588 0.0069
589 0.0069
590 0.0069
591 0.0069
592 0.0069
593 0.0069
594 0.0069
595 0.0069
596 0.0069
597 0.0069
598 0.0069
599 0.0069
600 0.0069
601 0.0069
602 0.0069
603 0.0069
604 0.0069
605 0.0069
606 0.0069
607 0.0069
608 0.0069
609 0.0069
610 0.0069
611 0.0069
612 0.0069
613 0.0069
614 0.0069
615 0.0069
616 0.0069
617 0.0069
618 0.0069
619 0.0069
620 0.0069
621 0.0069
622 0.0069
623 0.0069
624 0.0069
625 0.0069
626 0.0069
627 0.0069
628 0.0069
629 0.0069
630 0.0069
631 0.0069
632 0.0069
633 0.0069
634 0.0069
635 0.0069
636 0.0069
637 0.0069
638 0.0069
639 0.0069
640 0.0069
641 0.0069
642 0.0069
643 0.0069
644 0.0069
645 0.0069
646 0.0069
647 0.0069
648 0.0069
649 0.0069
650 0.0069
651 0.0069
652 0.0069
653 0.0069
654 0.0069
655 0.0069
656 0.0069
657 0.0069
658 0.0069
659 0.0069
660 0.0069
661 0.0069
662 0.0069
663 0.0069
664 0.0069
665 0.0069
666 0.0069
667 0.0069
668 0.0069
669 0.0069
670 0.0069
671 0.0069
672 0.0069
673 0.0069
674 0.0069
675 0.0069
676 0.0069
677 0.0069
678 0.0069
679 0.0069
680 0.0069
681 0.0069
682 0.0069
683 0.0069
684 0.0069
685 0.0069
686 0.0069
687 0.0069
688 0.0069
689 0.0069
690 0.0069
691 0.0069
692 0.0069
693 0.0069
694 0.0069
695 0.0069
696 0.0069
697 0.0069
698 0.0069
699 0.0069
700 0.0069
701 0.0069
702 0.0069
703 0.0069
704 0.0069
705 0.0069
706 0.0069
707 0.0069
708 0.0069
709 0.0069
710 0.0069
711 0.0069
712 0.0069
713 0.0069
714 0.0069
715 0.0069
716 0.0069
717 0.0069
718 0.0069
719 0.0069
720 0.0069
721 0.0069
722 0.0069
723 0.0069
724 0.0069
725 0.0069
726 0.0069
727 0.0069
728 0.0069
729 0.0069
730 0.0069
731 0.0069
732 0.0069
733 0.0069
734 0.0069
735 0.0069
736 0.0069
737 0.0069
738 0.0069
739 0.0069
740 0.0069
741 0.0069
742 0.0069
743 0.0069
744 0.0069
745 0.0069
746 0.0069
747 0.0069
748 0.0069
749 0.0069
750 0.0069
751 0.0069
752 0.0069
753 0.0069
754 0.0069
755 0.0069
756 0.0069
757 0.0069
758 0.0069
759 0.0069
760 0.0069
761 0.0069
762 0.0069
763 0.0069
764 0.0069
765 0.0069
766 0.0069
767 0.0069
768 0.0069
769 0.0069
770 0.0069
771 0.0069
772 0.0069
773 0.0069
774 0.0069
775 0.0069
776 0.0069
777 0.0069
778 0.0069
779 0.0069
780 0.0069
781 0.0069
782 0.0069
783 0.0069
784 0.0069
785 0.0069
786 0.0069
787 0.0069
788 0.0069
789 0.0069
790 0.0069
791 0.0069
792 0.0069
793 0.0069
794 0.0069
795 0.0069
796 0.0069
797 0.0069
798 0.0069
799 0.0069
800 0.0069
801 0.0069
802 0.0069
803 0.0069
804 0.0069
805 0.0069
806 0.0069
807 0.0069
808 0.0069
809 0.0069
810 0.0069
811 0.0069
812 0.0069
813 0.0069
814 0.0069
815 0.0069
816 0.0069
817 0.0069
818 0.0069
819 0.0069
820 0.0069
821 0.0069
822 0.0069
823 0.0069
824 0.0069
825 0.0069
826 0.0069
827 0.0069
828 0.0069
829 0.0069
830 0.0069
831 0.0069
832 0.0069
833 0.0069
834 0.0069
835 0.0069
836 0.0069
837 0.0069
838 0.0069
839 0.0069
840 0.0069
841 0.0069
842 0.0069
843 0.0069
844 0.0069
845 0.0069
846 0.0069
847 0.0069
848 0.0069
849 0.0069
850 0.0069
851 0.0069
852 0.0069
853 0.0069
854 0.0069
855 0.0069
856 0.0069
857 0.0069
858 0.0069
859 0.0069
860 0.0069
861 0.0069
862 0.0069
863 0.0069
864 0.0069
865 0.0069
866 0.0069
867 0.0069
868 0.0069
869 0.0069
