0 0.7466
1 0.0262
2 0.0139
3 0.0118
4 0.0109
5 0.0111
6 0.0109
7 0.0126
8 0.0128
9 0.015
10 0.0147
11 0.014
12 0.015
13 0.0145
14 0.0172
15 0.0175
16 0.0188
17 0.0196
18 0.022
19 0.0183
20 0.0177
21 0.0193
22 0.0183
23 0.0206
24 0.018
25 0.02
26 0.019
27 0.0206
28 0.0187
29 0.0203
30 0.0194
31 0.0179
32 0.0188
33 0.0185
34 0.0201
35 0.0184
36 0.0192
37 0.0189
38 0.0206
39 0.0205
40 0.0211
41 0.0204
42 0.0227
43 0.0229
44 0.0231
45 0.0245
46 0.0241
47 0.0247
48 0.0242
49 0.0228
50 0.022
51 0.0205
52 0.0201
53 0.019
54 0.0202
55 0.0196
56 0.0193
57 0.0197
58 0.0183
59 0.0195
60 0.0187
61 0.0203
62 0.0179
63 0.0171
64 0.0177
65 0.0181
66 0.0184
67 0.0177
68 0.0191
69 0.0183
70 0.0196
71 0.0196
72 0.0207
73 0.0205
74 0.0203
75 0.0191
76 0.0193
77 0.0196
78 0.0191
79 0.0209
80 0.0201
81 0.0208
82 0.0212
83 0.0222
84 0.0214
85 0.0216
86 0.0219
87 0.0231
88 0.0227
89 0.0233
90 0.0241
91 0.0216
92 0.0213
93 0.0205
94 0.0193
95 0.0203
96 0.02
97 0.02
98 0.0204
99 0.0219
100 0.0211
101 0.0215
102 0.0229
103 0.0225
104 0.0231
105 0.0224
106 0.0207
107 0.021
108 0.0203
109 0.0188
110 0.0183
111 0.0188
112 0.0185
113 0.0189
114 0.019
115 0.0197
116 0.0203
117 0.0213
118 0.0207
119 0.0186
120 0.0186
121 0.0194
122 0.0208
123 0.0177
124 0.019
125 0.0193
126 0.0202
127 0.0198
128 0.0209
129 0.0194
130 0.0217
131 0.0203
132 0.0216
133 0.0236
134 0.021
135 0.0205
136 0.0207
137 0.0203
138 0.0186
139 0.0194
140 0.0207
141 0.0197
142 0.0208
143 0.021
144 0.0214
145 0.0213
146 0.0213
147 0.0218
148 0.0221
149 0.0219
150 0.0212
151 0.0212
152 0.0216
153 0.0208
154 0.0197
155 0.0203
156 0.0216
157 0.0223
158 0.0224
159 0.0215
160 0.0221
161 0.0218
162 0.022
163 0.022
164 0.0215
165 0.0217
166 0.0213
167 0.0208
168 0.0211
169 0.0191
170 0.0207
171 0.0203
172 0.02
173 0.0194
174 0.0201
175 0.0196
176 0.0195
177 0.019
178 0.0199
179 0.0189
180 0.0186
181 0.0179
182 0.0195
183 0.0175
184 0.0177
185 0.0165
186 0.0166
187 0.017
188 0.016
189 0.017
190 0.0167
191 0.0176
192 0.0174
193 0.0186
194 0.0191
195 0.0187
196 0.02
197 0.0196
198 0.0216
199 0.0199
200 0.0206
201 0.0196
202 0.0204
203 0.0203
204 0.021
205 0.0202
206 0.021
207 0.021
208 0.0188
209 0.0172
210 0.0177
211 0.0171
212 0.0168
213 0.0159
214 0.0175
215 0.016
216 0.0165
217 0.0164
218 0.0171
219 0.0177
220 0.0181
221 0.018
222 0.0177
223 0.0167
224 0.0174
225 0.0165
226 0.0178
227 0.0174
228 0.0172
229 0.0187
230 0.0189
231 0.0197
232 0.0204
233 0.021
234 0.021
235 0.0229
236 0.0212
237 0.0218
238 0.0224
239 0.0215
240 0.0229
241 0.0215
242 0.0215
243 0.0221
244 0.0216
245 0.0218
246 0.0225
247 0.0221
248 0.0201
249 0.0209
250 0.0209
251 0.0217
252 0.0237
253 0.0247
254 0.0245
255 0.027
256 0.0245
257 0.0243
258 0.0245
259 0.0257
260 0.026
261 0.0276
262 0.0269
263 0.0285
264 0.0288
265 0.0282
266 0.0265
267 0.0286
268 0.0233
269 0.0242
270 0.0242
271 0.0253
272 0.0235
273 0.0239
274 0.023
275 0.0224
276 0.0227
277 0.0243
278 0.0234
279 0.0236
280 0.022
281 0.022
282 0.0236
283 0.0234
284 0.0232
285 0.0238
286 0.021
287 0.0225
288 0.0215
289 0.0226
290 0.0223
291 0.0218
292 0.0233
293 0.0211
294 0.0218
295 0.0211
296 0.0219
297 0.0215
298 0.0209
299 0.0218
300 0.0219
301 0.0226
302 0.0234
303 0.023
304 0.0216
305 0.0216
306 0.0213
307 0.0222
308 0.024
309 0.0228
310 0.0246
311 0.0239
312 0.0247
313 0.0245
314 0.0259
315 0.027
316 0.0257
317 0.0252
318 0.0252
319 0.0246
320 0.0243
321 0.0222
322 0.024
323 0.0228
324 0.0251
325 0.0254
326 0.0252
327 0.0227
328 0.0231
329 0.0227
330 0.0228
331 0.0222
332 0.0236
333 0.0231
334 0.0236
335 0.0228
336 0.0227
337 0.022
338 0.0216
339 0.0227
340 0.0215
341 0.0223
342 0.0226
343 0.0226
344 0.0238
345 0.0231
346 0.0221
347 0.0222
348 0.0221
349 0.0224
350 0.0225
351 0.0232
352 0.0233
353 0.0234
354 0.0232
355 0.0236
356 0.0246
357 0.0246
358 0.0248
359 0.0246
360 0.0253
361 0.0249
362 0.0265
363 0.0241
364 0.0254
365 0.0239
366 0.0241
367 0.0239
368 0.0256
369 0.0239
370 0.0254
371 0.0249
372 0.026
373 0.0234
374 0.0233
375 0.0232
376 0.0228
377 0.022
378 0.0206
379 0.0216
380 0.0218
381 0.0222
382 0.0221
383 0.0219
384 0.0211
385 0.0207
386 0.0222
387 0.022
388 0.0233
389 0.0232
390 0.0239
391 0.0237
392 0.0242
393 0.024
394 0.0242
395 0.0253
396 0.0262
397 0.0261
398 0.0256
399 0.0279
400 0.0275
401 0.0299
402 0.0272
403 0.0279
404 0.0279
405 0.0298
406 0.0258
407 0.0259
408 0.0253
409 0.0266
410 0.0252
411 0.0247
412 0.023
413 0.0236
414 0.0223
415 0.0235
416 0.0222
417 0.0208
418 0.0206
419 0.0198
420 0.0199
421 0.0215
422 0.0206
423 0.0223
424 0.0218
425 0.0216
426 0.0211
427 0.0212
428 0.0194
429 0.0186
430 0.0185
431 0.019
432 0.0191
433 0.0193
434 0.0205
435 0.0198
436 0.0204
437 0.0197
438 0.0197
439 0.0185
440 0.0188
441 0.0186
442 0.0191
443 0.0183
444 0.0188
445 0.0199
446 0.0203
447 0.0204
448 0.0199
449 0.0217
450 0.0202
451 0.0196
452 0.0177
453 0.0185
454 0.0179
455 0.0204
456 0.0196
457 0.0208
458 0.0192
459 0.0202
460 0.02
461 0.0198
462 0.02
463 0.0205
464 0.0199
465 0.02
466 0.0196
467 0.0205
468 0.0195
469 0.0208
470 0.0193
471 0.0192
472 0.0194
473 0.0196
474 0.0205
475 0.0207
476 0.0224
477 0.0206
478 0.0192
479 0.0199
480 0.0201
481 0.0221
482 0.0199
483 0.0218
484 0.0196
485 0.0217
486 0.0198
487 0.0203
488 0.0209
489 0.0214
490 0.0219
491 0.0224
492 0.0226
493 0.0225
494 0.0222
495 0.02
496 0.0203
497 0.0196
498 0.02
499 0.0199
500 0.0195
501 0.021
502 0.0208
503 0.0218
504 0.0225
505 0.0232
506 0.0231
507 0.0229
508 0.0237
509 0.0231
510 0.0238
511 0.0228
512 0.0231
513 0.0226
514 0.0221
515 0.0225
516 0.0213
517 0.0213
518 0.0227
519 0.0218
520 0.0237
521 0.0228
522 0.0235
523 0.0217
524 0.021
525 0.0203
526 0.0216
527 0.0204
528 0.0218
529 0.0214
530 0.0224
531 0.0218
532 0.0228
533 0.0223
534 0.0221
535 0.0228
536 0.024
537 0.0239
538 0.025
539 0.0231
540 0.0225
541 0.0234
542 0.0232
543 0.0228
544 0.0232
545 0.0243
546 0.0225
547 0.0223
548 0.0223
549 0.0225
550 0.023
551 0.0227
552 0.0225
553 0.0224
554 0.0231
555 0.0242
556 0.0246
557 0.0239
558 0.0244
559 0.025
560 0.0235
561 0.0261
562 0.0257
563 0.0261
564 0.0254
565 0.0247
566 0.0256
567 0.0257
568 0.0269
569 0.0249
570 0.025
571 0.0255
572 0.0268
573 0.0241
574 0.0257
575 0.0258
576 0.0259
577 0.0274
578 0.0262
579 0.0267
580 0.0275
581 0.0277
582 0.0253
583 0.0248
584 0.025
585 0.0269
586 0.0248
587 0.0254
588 0.0245
589 0.0249
590 0.025
591 0.0254
592 0.0253
593 0.0245
594 0.0257
595 0.024
596 0.0221
597 0.0226
598 0.0226
599 0.0229
600 0.024
601 0.0249
602 0.0235
603 0.0263
604 0.022
605 0.0198
606 0.0185
607 0.0185
608 0.0191
609 0.0192
610 0.0197
611 0.0197
612 0.0218
613 0.0197
614 0.0214
615 0.0195
616 0.0202
617 0.0201
618 0.0208
619 0.0204
620 0.0202
621 0.0181
622 0.0172
623 0.0177
624 0.0172
625 0.018
626 0.0172
627 0.0168
628 0.018
629 0.0177
630 0.0189
631 0.0184
632 0.0184
633 0.0193
634 0.0191
635 0.0199
636 0.0201
637 0.0184
638 0.0205
639 0.0197
640 0.0202
641 0.0198
642 0.0222
643 0.0212
644 0.0214
645 0.0208
646 0.0188
647 0.0206
648 0.0214
649 0.0214
650 0.023
651 0.0228
652 0.0238
653 0.0248
654 0.0247
655 0.0253
656 0.0244
657 0.0258
658 0.0256
659 0.0266
660 0.0274
661 0.0272
662 0.0264
663 0.0267
664 0.0298
665 0.0262
666 0.0275
667 0.0254
668 0.0264
669 0.0276
670 0.0267
671 0.0281
672 0.0275
673 0.0274
674 0.0272
675 0.0282
676 0.0272
677 0.0276
678 0.0279
679 0.0295
680 0.0284
681 0.0295
682 0.0296
683 0.0313
684 0.0319
685 0.0318
686 0.0335
687 0.032
688 0.033
689 0.0305
690 0.0299
691 0.0309
692 0.0297
693 0.0301
694 0.0298
695 0.0324
696 0.0289
697 0.0303
698 0.0298
699 0.0312
700 0.0296
701 0.0293
702 0.0275
703 0.0273
704 0.0276
705 0.0283
706 0.0292
707 0.029
708 0.0291
709 0.0286
710 0.0277
711 0.0285
712 0.0281
713 0.029
714 0.0307
715 0.0302
716 0.0305
717 0.0324
718 0.0317
719 0.0329
720 0.0316
721 0.0323
722 0.0305
723 0.0338
724 0.0296
725 0.0296
726 0.0304
727 0.0297
728 0.0286
729 0.0291
730 0.0294
731 0.0314
732 0.0319
733 0.033
734 0.0351
735 0.0366
736 0.0381
737 0.0347
738 0.0357
739 0.036
740 0.0358
741 0.0347
742 0.0371
743 0.0369
744 0.0354
745 0.0347
746 0.0345
747 0.0334
748 0.0307
749 0.0306
750 0.0286
751 0.0297
752 0.0297
753 0.0292
754 0.027
755 0.0279
756 0.0292
757 0.0296
758 0.0306
759 0.0308
760 0.0328
761 0.0334
762 0.0327
763 0.0314
764 0.0315
765 0.0312
766 0.0316
767 0.0277
768 0.0277
769 0.0261
770 0.0261
771 0.0247
772 0.0243
773 0.0243
774 0.0244
775 0.0267
776 0.0251
777 0.0228
778 0.0229
779 0.0234
780 0.0237
781 0.0249
782 0.0252
783 0.0249
784 0.0266
785 0.0254
786 0.0244
787 0.022
788 0.0215
789 0.0225
790 0.0199
791 0.0203
792 0.0196
793 0.0205
794 0.0189
795 0.0195
796 0.0194
797 0.0188
798 0.0194
799 0.0178
800 0.0188
801 0.0191
802 0.0196
803 0.0191
804 0.0188
805 0.0187
806 0.0191
807 0.0186
808 0.0187
809 0.0194
810 0.0193
811 0.019
812 0.0185
813 0.019
814 0.0193
815 0.0194
816 0.019
817 0.0193
818 0.0195
819 0.0194
820 0.0189
821 0.0188
822 0.0191
823 0.0194
824 0.0193
825 0.02
826 0.0205
827 0.0211
828 0.0212
829 0.0215
830 0.0212
831 0.0211
832 0.0204
833 0.0215
834 0.0197
835 0.0197
836 0.0208
837 0.0201
838 0.02
839 0.02
840 0.0208
841 0.0193
842 0.0188
843 0.0193
844 0.02
845 0.0187
846 0.0187
847 0.0192
848 0.0177
849 0.0173
850 0.0172
851 0.0164
852 0.0161
853 0.0159
854 0.016
855 0.016
856 0.0164
857 0.0169
858 0.0169
859 0.0181
860 0.0174
861 0.0184
862 0.0184
863 0.0186
864 0.0177
865 0.018
866 0.0175
867 0.0172
868 0.0168
869 0.0173
870 0.0166
871 0.0167
872 0.0172
873 0.017
874 0.0171
875 0.0168
876 0.0169
877 0.0168
878 0.0164
879 0.0171
880 0.0165
881 0.0168
882 0.0167
883 0.017
884 0.0175
885 0.0164
886 0.0165
887 0.0167
888 0.0166
889 0.0161
890 0.0159
891 0.0163
892 0.0163
893 0.017
894 0.0166
895 0.0167
896 0.0171
897 0.0172
898 0.0182
899 0.0178
900 0.0193
901 0.019
902 0.0206
903 0.02
904 0.0212
905 0.0202
906 0.0216
907 0.0197
908 0.0206
909 0.0204
910 0.0199
911 0.0207
912 0.0215
913 0.0213
914 0.0209
915 0.0219
916 0.0222
917 0.0226
918 0.0211
919 0.0201
920 0.0209
921 0.0211
922 0.0216
923 0.0218
924 0.0219
925 0.023
926 0.0225
927 0.0224
928 0.0226
929 0.0227
930 0.023
931 0.0233
932 0.0253
933 0.0234
934 0.024
935 0.0239
936 0.024
937 0.0244
938 0.0226
939 0.0245
940 0.0236
941 0.0239
942 0.0235
943 0.0224
944 0.0216
945 0.0218
946 0.0234
947 0.0235
948 0.0221
949 0.0213
950 0.0206
951 0.0209
952 0.0221
953 0.0224
954 0.0225
955 0.0237
956 0.0235
957 0.0232
958 0.0243
959 0.0255
960 0.0232
961 0.0228
962 0.0228
963 0.023
964 0.0214
965 0.0214
966 0.0209
967 0.0221
968 0.0211
969 0.0213
970 0.0219
971 0.022
972 0.0206
973 0.0204
974 0.0209
975 0.0204
976 0.0203
977 0.0214
978 0.0202
979 0.0219
980 0.0208
981 0.0216
982 0.0215
983 0.0223
984 0.0234
985 0.0225
986 0.0231
987 0.0226
988 0.0234
989 0.0225
990 0.0231
991 0.0227
992 0.0244
993 0.0239
994 0.0215
995 0.0216
996 0.0213
997 0.0211
998 0.0211
999 0.0204
