0 85
1 101
2 99
3 110
4 105
5 99
6 98
7 96
8 124
9 98
10 106
11 116
12 113
13 95
14 98
15 81
16 119
17 106
18 111
19 103
20 92
21 101
22 81
23 99
24 106
25 101
26 96
27 113
28 84
29 94
30 147
31 83
32 91
33 129
34 105
35 116
36 96
37 93
38 89
39 78
40 93
41 102
42 107
43 99
44 106
45 89
46 117
47 102
48 110
49 85
50 97
51 93
52 89
53 90
54 91
55 107
56 93
57 104
58 97
59 96
60 93
61 103
62 97
63 112
64 114
65 95
66 105
67 96
68 97
69 86
70 113
71 78
72 95
73 94
74 100
75 89
76 101
77 92
78 109
79 91
80 93
81 86
82 97
83 98
84 96
85 88
86 115
87 94
88 114
89 98
90 97
91 89
92 100
93 93
94 97
95 101
96 90
97 91
98 113
99 99
100 101
101 90
102 99
103 99
104 94
105 100
106 111
107 100
108 98
109 105
110 92
111 109
112 112
113 98
114 102
115 116
116 101
117 109
118 123
119 85
120 104
121 92
122 89
123 109
124 83
125 105
126 88
127 114
128 104
129 98
130 113
131 98
132 95
133 82
134 95
135 85
136 103
137 99
138 108
139 112
140 97
141 104
142 79
143 74
144 107
145 109
146 75
147 97
148 96
149 108
150 79
151 102
152 100
153 84
154 97
155 130
156 110
157 116
158 96
159 92
160 97
161 110
162 92
163 98
164 114
165 87
166 102
167 105
168 100
169 94
170 83
171 106
172 109
173 98
174 99
175 103
176 102
177 80
178 109
179 98
180 92
181 94
182 103
183 97
184 106
185 90
186 85
187 122
188 110
189 100
190 95
191 106
192 91
193 70
194 97
195 107
196 107
197 97
198 107
199 94
200 81
201 122
202 113
203 97
204 93
205 104
206 98
207 108
208 100
209 114
210 92
211 96
212 103
213 115
214 89
215 80
216 115
217 109
218 88
219 99
220 109
221 99
222 89
223 103
224 102
225 95
226 105
227 114
228 104
229 99
230 103
231 113
232 102
233 126
234 107
235 84
236 94
237 126
238 95
239 91
240 110
241 118
242 101
243 103
244 85
245 95
246 109
247 112
248 113
249 85
250 112
251 101
252 81
253 92
254 105
255 96
256 117
257 94
258 101
259 101
260 107
261 113
262 120
263 88
264 88
265 111
266 98
267 98
268 112
269 102
270 97
271 96
272 131
273 106
274 99
275 90
276 109
277 76
278 97
279 107
280 109
281 101
282 91
283 98
284 98
285 118
286 104
287 101
288 125
289 115
290 102
291 100
292 82
293 110
294 103
295 102
296 85
297 109
298 118
299 102
300 119
301 92
302 104
303 100
304 107
305 93
306 107
307 90
308 106
309 95
310 95
311 79
312 98
313 107
314 98
315 81
316 107
317 82
318 117
319 105
320 104
321 97
322 109
323 84
324 110
325 104
326 95
327 98
328 96
329 90
330 112
331 105
332 97
333 83
334 99
335 92
336 90
337 84
338 91
339 106
340 95
341 87
342 94
343 93
344 94
345 104
346 103
347 89
348 105
349 96
350 95
351 94
352 102
353 103
354 88
355 100
356 101
357 96
358 93
359 82
360 106
361 101
362 104
363 99
364 100
365 92
366 85
367 110
368 113
369 102
370 91
371 103
372 101
373 91
374 107
375 109
376 102
377 104
378 87
379 91
380 111
381 96
382 97
383 116
384 102
385 83
386 94
387 99
388 101
389 107
390 107
391 89
392 108
393 119
394 87
395 95
396 96
397 94
398 101
399 83
400 109
401 102
402 95
403 104
404 98
405 101
406 103
407 109
408 105
409 104
410 87
411 84
412 100
413 102
414 100
415 100
416 99
417 106
418 95
419 105
420 101
421 107
422 92
423 91
424 93
425 92
426 120
427 91
428 96
429 91
430 87
431 97
432 91
433 99
434 98
435 98
436 119
437 105
438 101
439 90
440 87
441 105
442 108
443 111
444 102
445 96
446 115
447 97
448 101
449 79
450 99
451 87
452 87
453 92
454 100
455 82
456 86
457 98
458 84
459 99
460 100
461 106
462 92
463 88
464 101
465 112
466 91
467 112
468 89
469 90
470 97
471 81
472 118
473 96
474 98
475 96
476 91
477 93
478 110
479 105
480 116
481 97
482 102
483 93
484 97
485 99
486 115
487 84
488 100
489 89
490 113
491 79
492 111
493 112
494 92
495 108
496 111
497 103
498 74
499 94
500 78
501 92
502 88
503 107
504 98
505 103
506 105
507 104
508 90
509 101
510 94
511 98
512 90
513 92
514 98
515 99
516 114
517 100
518 117
519 110
520 84
521 89
522 115
523 101
524 113
525 111
526 84
527 104
528 101
529 90
530 111
531 87
532 92
533 97
534 104
535 91
536 91
537 106
538 104
539 100
540 107
541 94
542 96
543 86
544 105
545 99
546 95
547 87
548 99
549 116
550 103
551 111
552 107
553 92
554 110
555 96
556 104
557 116
558 100
559 90
560 112
561 109
562 89
563 82
564 100
565 124
566 111
567 97
568 93
569 107
570 94
571 106
572 95
573 109
574 108
575 93
576 111
577 92
578 102
579 110
580 86
581 109
582 116
583 106
584 108
585 108
586 103
587 106
588 98
589 95
590 98
591 96
592 96
593 90
594 118
595 92
596 97
597 87
598 107
599 104
600 91
601 96
602 97
603 80
604 67
605 115
606 102
607 96
608 110
609 90
610 99
611 122
612 101
613 100
614 97
615 91
616 86
617 104
618 102
619 98
620 94
621 110
622 94
623 113
624 101
625 111
626 99
627 107
628 107
629 118
630 103
631 107
632 86
633 95
634 99
635 108
636 109
637 110
638 94
639 108
640 100
641 89
642 114
643 111
644 111
645 93
646 114
647 93
648 98
649 101
650 100
651 106
652 91
653 92
654 103
655 92
656 115
657 124
658 91
659 110
660 112
661 114
662 87
663 108
664 106
665 97
666 94
667 107
668 93
669 103
670 88
671 100
672 97
673 81
674 108
675 97
676 91
677 101
678 122
679 102
680 91
681 83
682 105
683 105
684 112
685 93
686 104
687 105
688 93
689 104
690 100
691 88
692 80
693 109
694 93
695 84
696 98
697 100
698 101
699 103
700 100
701 86
702 105
703 100
704 102
705 112
706 89
707 92
708 95
709 106
710 105
711 107
712 97
713 111
714 105
715 106
716 91
717 110
718 104
719 91
720 93
721 99
722 118
723 102
724 105
725 87
726 98
727 95
728 101
729 108
730 105
731 90
732 96
733 96
734 116
735 115
736 95
737 84
738 98
739 94
740 111
741 100
742 107
743 95
744 93
745 112
746 82
747 98
748 113
749 111
750 95
751 96
752 87
753 111
754 83
755 106
756 108
757 98
758 115
759 111
760 110
761 123
762 104
763 95
764 110
765 91
766 100
767 93
768 89
769 98
770 112
771 106
772 111
773 97
774 93
775 127
776 100
777 87
778 90
779 105
780 104
781 96
782 91
783 105
784 102
785 93
786 109
787 101
788 100
789 92
790 115
791 102
792 92
793 118
794 107
795 99
796 108
797 100
798 83
799 99
800 105
801 115
802 112
803 105
804 94
805 108
806 91
807 106
808 95
809 100
810 95
811 111
812 85
813 119
814 105
815 107
816 93
817 95
818 92
819 92
820 97
821 95
822 92
823 77
824 101
825 94
826 108
827 102
828 106
829 83
830 111
831 112
832 97
833 103
834 93
835 113
836 105
837 112
838 90
839 94
840 94
841 111
842 90
843 98
844 82
845 112
846 86
847 94
848 93
849 88
850 96
851 85
852 94
853 114
854 90
855 100
856 110
857 107
858 94
859 84
860 86
861 103
862 110
863 104
864 106
865 88
866 104
867 85
868 94
869 103
870 117
871 109
872 85
873 102
874 103
875 92
876 102
877 109
878 104
879 79
880 99
881 114
882 108
883 87
884 107
885 79
886 107
887 104
888 112
889 89
890 114
891 116
892 103
893 97
894 105
895 109
896 107
897 105
898 110
899 98
900 98
901 108
902 110
903 85
904 119
905 98
906 100
907 87
908 84
909 100
910 108
911 108
912 92
913 105
914 105
915 92
916 84
917 93
918 99
919 89
920 102
921 92
922 112
923 102
924 111
925 89
926 91
927 95
928 99
929 108
930 104
931 117
932 95
933 121
934 103
935 103
936 101
937 108
938 104
939 114
940 88
941 90
942 92
943 85
944 105
945 101
946 98
947 87
948 92
949 98
950 101
951 112
952 115
953 100
954 105
955 94
956 100
957 103
958 95
959 103
960 110
961 105
962 106
963 96
964 104
965 104
966 110
967 93
968 100
969 102
970 97
971 94
972 89
973 83
974 101
975 106
976 121
977 91
978 92
979 99
980 104
981 91
982 95
983 90
984 80
985 99
986 107
987 113
988 102
989 97
990 111
991 106
992 103
993 105
994 99
995 75
996 86
997 102
998 101
999 113
1000 96
1001 86
1002 102
1003 95
1004 90
1005 93
1006 111
1007 116
1008 94
1009 105
1010 112
1011 101
1012 103
1013 97
1014 118
1015 91
1016 91
1017 102
1018 101
1019 117
1020 84
1021 97
1022 87
1023 98
1024 100
1025 93
1026 113
1027 91
1028 82
1029 81
1030 94
1031 96
1032 79
1033 94
1034 108
1035 88
1036 83
1037 99
1038 98
1039 101
1040 99
1041 92
1042 98
1043 92
1044 89
1045 92
1046 100
1047 85
1048 87
1049 112
1050 93
1051 100
1052 91
1053 102
1054 77
1055 79
1056 77
1057 122
1058 96
1059 99
1060 101
1061 89
1062 93
1063 105
1064 103
1065 92
1066 110
1067 98
1068 96
1069 95
1070 81
1071 102
1072 109
1073 119
1074 94
1075 88
1076 90
1077 109
1078 103
1079 98
1080 100
1081 91
1082 89
1083 94
1084 110
1085 86
1086 90
1087 96
1088 115
1089 95
1090 96
1091 105
1092 104
1093 104
1094 102
1095 108
1096 102
1097 92
1098 83
1099 103
1100 98
1101 101
1102 97
1103 94
1104 99
1105 95
1106 83
1107 111
1108 94
1109 97
1110 114
1111 112
1112 95
1113 99
1114 84
1115 102
1116 104
1117 104
1118 108
1119 95
1120 108
1121 95
1122 100
1123 112
1124 84
1125 94
1126 92
1127 100
1128 87
1129 86
1130 96
1131 94
1132 106
1133 95
1134 120
1135 80
1136 111
1137 95
1138 106
1139 97
1140 99
1141 73
1142 103
1143 106
1144 96
1145 110
1146 106
1147 127
1148 107
1149 97
1150 101
1151 93
1152 99
1153 90
1154 117
1155 97
1156 114
1157 109
1158 92
1159 89
1160 110
1161 88
1162 102
1163 93
1164 129
1165 102
1166 101
1167 81
1168 85
1169 86
1170 112
1171 104
1172 117
1173 101
1174 85
1175 98
1176 91
1177 89
1178 105
1179 107
1180 110
1181 122
1182 91
1183 90
1184 105
1185 92
1186 105
1187 120
1188 89
1189 101
1190 84
1191 98
1192 95
1193 93
1194 94
1195 118
1196 109
1197 132
1198 94
1199 96
1200 101
1201 115
1202 106
1203 108
1204 113
1205 91
1206 98
1207 85
1208 83
1209 101
1210 91
1211 108
1212 99
1213 91
1214 92
1215 85
1216 82
1217 98
1218 103
1219 101
1220 101
1221 103
1222 78
1223 96
1224 89
1225 94
1226 96
1227 95
1228 87
1229 114
1230 94
1231 92
1232 115
1233 94
1234 100
1235 109
1236 101
1237 92
1238 124
1239 93
1240 95
1241 107
1242 105
1243 95
1244 105
1245 112
1246 87
1247 112
1248 105
1249 80
1250 99
1251 74
1252 113
1253 103
1254 101
1255 105
1256 105
1257 87
1258 124
1259 87
1260 87
1261 108
1262 107
1263 100
1264 90
1265 103
1266 128
1267 96
1268 106
1269 88
1270 107
1271 103
1272 90
1273 102
1274 100
1275 109
1276 91
1277 103
1278 84
1279 101
1280 90
1281 90
1282 89
1283 104
1284 118
1285 105
1286 102
1287 91
1288 91
1289 85
1290 91
1291 102
1292 92
1293 124
1294 101
1295 86
1296 92
1297 107
1298 94
1299 88
1300 104
1301 104
1302 102
1303 106
1304 103
1305 86
1306 100
1307 103
1308 84
1309 104
1310 113
1311 81
1312 99
1313 100
1314 83
1315 113
1316 106
1317 97
1318 102
1319 109
1320 107
1321 97
1322 99
1323 112
1324 102
1325 92
1326 95
1327 74
1328 89
1329 108
1330 110
1331 103
1332 103
1333 91
1334 98
1335 88
1336 104
1337 114
1338 83
1339 121
1340 96
1341 114
1342 119
1343 96
1344 93
1345 92
1346 81
1347 101
1348 105
1349 93
1350 97
1351 96
1352 81
1353 105
1354 97
1355 91
1356 107
1357 93
1358 83
1359 83
1360 99
1361 91
1362 115
1363 99
1364 102
1365 119
1366 94
1367 112
1368 112
1369 95
1370 92
1371 90
1372 102
1373 101
1374 107
1375 86
1376 116
1377 120
1378 111
1379 94
1380 94
1381 85
1382 103
1383 105
1384 102
1385 92
1386 107
1387 90
1388 117
1389 111
1390 96
1391 77
1392 110
1393 100
1394 100
1395 121
1396 102
1397 90
1398 100
1399 102
1400 96
1401 105
1402 110
1403 116
1404 96
1405 117
1406 93
1407 118
1408 110
1409 97
1410 101
1411 118
1412 90
1413 105
1414 86
1415 102
1416 95
1417 85
1418 104
1419 90
1420 87
1421 89
1422 89
1423 109
1424 99
1425 81
1426 108
1427 96
1428 109
1429 107
1430 94
1431 92
1432 106
1433 81
1434 97
1435 118
1436 98
1437 97
1438 104
1439 116
1440 114
1441 103
1442 94
1443 102
1444 96
1445 110
1446 101
1447 95
1448 113
1449 96
1450 96
1451 114
1452 104
1453 90
1454 113
1455 92
1456 105
1457 102
1458 120
1459 102
1460 87
1461 95
1462 111
1463 118
1464 112
1465 108
1466 106
1467 107
1468 95
1469 82
1470 112
1471 112
1472 107
1473 93
1474 99
1475 102
1476 77
1477 94
1478 106
1479 114
1480 98
1481 102
1482 102
1483 80
1484 105
1485 117
1486 95
1487 104
1488 105
1489 92
1490 93
1491 112
1492 91
1493 117
1494 99
1495 107
1496 80
1497 77
1498 118
1499 94
1500 121
1501 93
1502 85
1503 100
1504 85
1505 78
1506 97
1507 99
1508 107
1509 102
1510 95
1511 87
1512 119
1513 110
1514 91
1515 99
1516 91
1517 76
1518 88
1519 109
1520 101
1521 78
1522 92
1523 106
1524 111
1525 89
1526 96
1527 91
1528 101
1529 97
1530 123
1531 95
1532 104
1533 103
1534 128
1535 91
1536 100
1537 93
1538 101
1539 94
1540 103
1541 99
1542 80
1543 102
1544 108
1545 102
1546 111
1547 96
1548 98
1549 97
1550 90
1551 95
1552 97
1553 87
1554 91
1555 98
1556 119
1557 97
1558 97
1559 101
1560 81
1561 90
1562 96
1563 102
1564 97
1565 108
1566 86
1567 101
1568 99
1569 113
1570 96
1571 115
1572 110
1573 121
1574 84
1575 93
1576 112
1577 104
1578 78
1579 91
1580 84
1581 98
1582 94
1583 92
1584 96
1585 113
1586 100
1587 92
1588 111
1589 91
1590 98
1591 108
1592 97
1593 107
1594 98
1595 94
1596 103
1597 105
1598 80
1599 88
1600 93
1601 105
1602 102
1603 78
1604 99
1605 112
1606 101
1607 104
1608 103
1609 98
1610 108
1611 112
1612 84
1613 99
1614 113
1615 119
1616 108
1617 86
1618 119
1619 115
1620 94
1621 100
1622 93
1623 122
1624 106
1625 94
1626 120
1627 111
1628 98
1629 92
1630 94
1631 116
1632 110
1633 97
1634 103
1635 93
1636 110
1637 93
1638 100
1639 92
1640 101
1641 105
1642 102
1643 113
1644 94
1645 94
1646 112
1647 102
1648 98
1649 122
1650 113
1651 108
1652 113
1653 106
1654 108
1655 99
1656 94
1657 101
1658 99
1659 94
1660 96
1661 109
1662 107
1663 101
1664 105
1665 103
1666 89
1667 98
1668 91
1669 104
1670 97
1671 114
1672 92
1673 118
1674 98
1675 96
1676 116
1677 89
1678 99
1679 113
1680 97
1681 108
1682 82
1683 96
1684 106
1685 103
1686 99
1687 98
1688 106
1689 106
1690 95
1691 90
1692 117
1693 97
1694 110
1695 103
1696 99
1697 82
1698 93
1699 98
1700 91
1701 115
1702 105
1703 94
1704 94
1705 98
1706 89
1707 83
1708 103
1709 101
1710 95
1711 96
1712 97
1713 101
1714 122
1715 100
1716 100
1717 97
1718 117
1719 112
1720 99
1721 106
1722 106
1723 98
1724 81
1725 107
1726 86
1727 95
1728 109
1729 111
1730 96
1731 114
1732 80
1733 89
1734 96
1735 105
1736 82
1737 113
1738 105
1739 100
1740 105
1741 108
1742 98
1743 97
1744 93
1745 108
1746 85
1747 95
1748 102
1749 90
1750 87
1751 112
1752 124
1753 88
1754 111
1755 94
1756 70
1757 99
1758 93
1759 107
1760 98
1761 100
1762 97
1763 100
1764 98
1765 108
1766 104
1767 106
1768 105
1769 91
1770 110
1771 112
1772 84
1773 95
1774 110
1775 101
1776 98
1777 91
1778 93
1779 101
1780 94
1781 93
1782 107
1783 103
1784 98
1785 91
1786 85
1787 100
1788 110
1789 100
1790 82
1791 79
1792 113
1793 106
1794 88
1795 103
1796 125
1797 101
1798 80
1799 87
1800 99
1801 92
1802 112
1803 110
1804 108
1805 102
1806 95
1807 104
1808 94
1809 103
1810 106
1811 106
1812 90
1813 120
1814 93
1815 82
1816 93
1817 89
1818 118
1819 120
1820 114
1821 119
1822 95
1823 117
1824 102
1825 105
1826 100
1827 113
1828 97
1829 97
1830 100
1831 82
1832 110
1833 89
1834 98
1835 108
1836 102
1837 94
1838 103
1839 102
1840 109
1841 113
1842 106
1843 81
1844 95
1845 106
1846 104
1847 94
1848 98
1849 106
1850 80
1851 91
1852 102
1853 109
1854 115
1855 102
1856 100
1857 96
1858 113
1859 105
1860 81
1861 94
1862 84
1863 115
1864 91
1865 94
1866 107
1867 96
1868 81
1869 107
1870 92
1871 118
1872 88
1873 83
1874 102
1875 112
1876 97
1877 93
1878 96
1879 119
1880 111
1881 99
1882 96
1883 102
1884 100
1885 96
1886 100
1887 93
1888 90
1889 108
1890 96
1891 123
1892 119
1893 91
1894 83
1895 84
1896 99
1897 100
1898 96
1899 107
1900 111
1901 101
1902 120
1903 107
1904 110
1905 98
1906 93
1907 94
1908 114
1909 95
1910 100
1911 102
1912 90
1913 97
1914 89
1915 98
1916 99
1917 95
1918 110
1919 97
1920 93
1921 98
1922 96
1923 110
1924 96
1925 90
1926 105
1927 91
1928 110
1929 92
1930 94
1931 110
1932 88
1933 100
1934 103
1935 103
1936 93
1937 96
1938 88
1939 82
1940 121
1941 110
1942 83
1943 97
1944 117
1945 114
1946 104
1947 94
1948 98
1949 101
1950 107
1951 89
1952 99
1953 94
1954 100
1955 95
1956 115
1957 89
1958 83
1959 87
1960 90
1961 88
1962 101
1963 112
1964 106
1965 105
1966 103
1967 86
1968 103
1969 98
1970 113
1971 104
1972 93
1973 88
1974 94
1975 105
1976 107
1977 101
1978 112
1979 105
1980 97
1981 87
1982 99
1983 97
1984 96
1985 91
1986 91
1987 106
1988 101
1989 106
1990 93
1991 96
1992 112
1993 93
1994 84
1995 101
1996 101
1997 113
1998 78
1999 100
2000 102
2001 87
2002 105
2003 104
2004 96
2005 101
2006 72
2007 87
2008 81
2009 82
2010 100
2011 89
2012 102
2013 99
2014 101
2015 84
2016 110
2017 110
2018 111
2019 114
2020 107
2021 114
2022 100
2023 92
2024 108
2025 98
2026 100
2027 115
2028 85
2029 111
2030 109
2031 95
2032 93
2033 92
2034 87
2035 108
2036 85
2037 111
2038 107
2039 84
2040 103
2041 96
2042 101
2043 82
2044 91
2045 98
2046 111
2047 126
2048 113
2049 105
2050 99
2051 94
2052 91
2053 118
2054 101
2055 89
2056 88
2057 87
2058 92
2059 98
2060 103
2061 98
2062 115
2063 116
2064 89
2065 99
2066 105
2067 102
2068 110
2069 94
2070 93
2071 112
2072 105
2073 115
2074 119
2075 98
2076 97
2077 105
2078 102
2079 101
2080 96
2081 106
2082 83
2083 99
2084 91
2085 109
2086 90
2087 84
2088 114
2089 108
2090 108
2091 89
2092 103
2093 115
2094 95
2095 101
2096 94
2097 110
2098 98
2099 100
2100 116
2101 106
2102 106
2103 115
2104 103
2105 98
2106 121
2107 100
2108 84
2109 109
2110 91
2111 82
2112 119
2113 113
2114 105
2115 98
2116 109
2117 99
2118 107
2119 98
2120 89
2121 116
2122 90
2123 93
2124 92
2125 91
2126 101
2127 98
2128 100
2129 111
2130 120
2131 124
2132 99
2133 118
2134 97
2135 80
2136 106
2137 97
2138 121
2139 100
2140 101
2141 106
2142 86
2143 100
2144 93
2145 102
2146 108
2147 110
2148 106
2149 96
2150 100
2151 103
2152 89
2153 115
2154 100
2155 99
2156 99
2157 91
2158 95
2159 94
2160 102
2161 110
2162 101
2163 112
2164 89
2165 107
2166 94
2167 92
2168 106
2169 92
2170 100
2171 95
2172 116
2173 96
2174 99
2175 115
2176 100
2177 99
2178 111
2179 105
2180 101
2181 126
2182 99
2183 81
2184 93
2185 94
2186 98
2187 90
2188 103
2189 89
2190 108
2191 102
2192 107
2193 104
2194 100
2195 83
2196 98
2197 95
2198 95
2199 108
2200 95
2201 100
2202 85
2203 108
2204 109
2205 97
2206 101
2207 86
2208 106
2209 100
2210 103
2211 107
2212 88
2213 104
2214 97
2215 104
2216 106
2217 109
2218 98
2219 96
2220 100
2221 99
2222 90
2223 97
2224 113
2225 87
2226 116
2227 86
2228 105
2229 112
2230 105
2231 90
2232 90
2233 104
2234 100
2235 99
2236 107
2237 97
2238 79
2239 102
2240 93
2241 110
2242 130
2243 91
2244 111
2245 107
2246 100
2247 107
2248 98
2249 79
2250 100
2251 88
2252 95
2253 113
2254 89
2255 101
2256 101
2257 98
2258 108
2259 97
2260 94
2261 82
2262 103
2263 110
2264 112
2265 93
2266 115
2267 101
2268 98
2269 98
2270 117
2271 108
2272 86
2273 99
2274 105
2275 93
2276 105
2277 90
2278 98
2279 98
2280 104
2281 93
2282 97
2283 89
2284 107
2285 105
2286 81
2287 110
2288 84
2289 100
2290 107
2291 104
2292 104
2293 94
2294 117
2295 99
2296 107
2297 91
2298 120
2299 90
2300 81
2301 123
2302 93
2303 74
2304 79
2305 102
2306 113
2307 107
2308 115
2309 106
2310 107
2311 117
2312 99
2313 114
2314 82
2315 102
2316 119
2317 98
2318 109
2319 97
2320 90
2321 92
2322 103
2323 87
2324 98
2325 90
2326 100
2327 95
2328 106
2329 95
2330 88
2331 88
2332 107
2333 107
2334 110
2335 113
2336 105
2337 112
2338 108
2339 94
2340 105
2341 104
2342 91
2343 97
2344 103
2345 107
2346 88
2347 90
2348 95
2349 86
2350 109
2351 98
2352 92
2353 116
2354 104
2355 109
2356 98
2357 91
2358 95
2359 103
2360 107
2361 86
2362 94
2363 121
2364 105
2365 94
2366 86
2367 91
2368 93
2369 102
2370 102
2371 110
2372 96
2373 87
2374 92
2375 128
2376 107
2377 90
2378 121
2379 101
2380 108
2381 87
2382 119
2383 100
2384 86
2385 103
2386 97
2387 99
2388 105
2389 90
2390 108
2391 90
2392 94
2393 104
2394 117
2395 109
2396 100
2397 93
2398 103
2399 112
2400 93
2401 110
2402 98
2403 93
2404 106
2405 94
2406 81
2407 113
2408 99
2409 104
2410 104
2411 104
2412 109
2413 103
2414 98
2415 88
2416 117
2417 107
2418 122
2419 111
2420 86
2421 99
2422 103
2423 98
2424 97
2425 90
2426 89
2427 119
2428 110
2429 95
2430 108
2431 95
2432 94
2433 104
2434 93
2435 109
2436 95
2437 95
2438 99
2439 103
2440 106
2441 91
2442 107
2443 91
2444 100
2445 94
2446 84
2447 93
2448 104
2449 94
2450 113
2451 97
2452 97
2453 91
2454 94
2455 93
2456 91
2457 103
2458 109
2459 84
2460 121
2461 107
2462 92
2463 103
2464 92
2465 100
2466 108
2467 97
2468 120
2469 105
2470 106
2471 97
2472 107
2473 96
2474 120
2475 118
2476 102
2477 116
2478 98
2479 116
2480 114
2481 117
2482 107
2483 93
2484 100
2485 105
2486 90
2487 89
2488 113
2489 89
2490 114
2491 108
2492 96
2493 112
2494 92
2495 86
2496 98
2497 95
2498 90
2499 103
2500 101
2501 116
2502 118
2503 104
2504 98
2505 95
2506 112
2507 117
2508 86
2509 112
2510 95
2511 100
2512 113
2513 103
2514 97
2515 102
2516 90
2517 93
2518 78
2519 99
2520 88
2521 102
2522 116
2523 103
2524 92
2525 100
2526 102
2527 82
2528 98
2529 116
2530 109
2531 115
2532 100
2533 81
2534 107
2535 100
2536 85
2537 112
2538 98
2539 96
2540 100
2541 100
2542 114
2543 94
2544 101
2545 117
2546 105
2547 115
2548 104
2549 91
2550 104
2551 109
2552 97
2553 105
2554 73
2555 111
2556 86
2557 111
2558 84
2559 98
2560 82
2561 108
2562 95
2563 101
2564 110
2565 98
2566 112
2567 80
2568 105
2569 112
2570 103
2571 97
2572 107
2573 95
2574 83
2575 93
2576 79
2577 113
2578 85
2579 96
2580 98
2581 108
2582 99
2583 99
2584 106
2585 96
2586 109
2587 101
2588 90
2589 99
2590 83
2591 95
2592 103
2593 96
2594 98
2595 89
2596 95
2597 93
2598 103
2599 98
2600 100
2601 96
2602 106
2603 109
2604 109
2605 96
2606 112
2607 119
2608 104
2609 100
2610 93
2611 102
2612 113
2613 98
2614 126
2615 103
2616 103
2617 92
2618 93
2619 92
2620 106
2621 93
2622 113
2623 84
2624 93
2625 92
2626 102
2627 92
2628 97
2629 107
2630 102
2631 92
2632 109
2633 107
2634 91
2635 107
2636 94
2637 117
2638 91
2639 114
2640 102
2641 117
2642 90
2643 99
2644 97
2645 105
2646 98
2647 102
2648 105
2649 115
2650 99
2651 90
2652 97
2653 91
2654 105
2655 98
2656 99
2657 121
2658 106
2659 97
2660 115
2661 107
2662 91
2663 107
2664 90
2665 106
2666 95
2667 111
2668 94
2669 86
2670 111
2671 106
2672 92
2673 111
2674 93
2675 116
2676 117
2677 104
2678 108
2679 102
2680 121
2681 103
2682 83
2683 108
2684 110
2685 99
2686 92
2687 92
2688 80
2689 95
2690 95
2691 84
2692 90
2693 98
2694 74
2695 104
2696 115
2697 106
2698 105
2699 97
2700 108
2701 98
2702 92
2703 100
2704 107
2705 92
2706 92
2707 113
2708 100
2709 100
2710 99
2711 112
2712 92
2713 102
2714 98
2715 103
2716 110
2717 96
2718 101
2719 99
2720 119
2721 101
2722 103
2723 111
2724 108
2725 100
2726 99
2727 112
2728 98
2729 90
2730 110
2731 102
2732 104
2733 101
2734 100
2735 84
2736 88
2737 98
2738 103
2739 93
2740 93
2741 91
2742 95
2743 108
2744 107
2745 91
2746 97
2747 101
2748 94
2749 94
2750 100
2751 106
2752 89
2753 102
2754 109
2755 94
2756 89
2757 92
2758 111
2759 104
2760 108
2761 84
2762 91
2763 107
2764 92
2765 94
2766 99
2767 109
2768 112
2769 118
2770 95
2771 105
2772 89
2773 104
2774 91
2775 97
2776 97
2777 107
2778 91
2779 92
2780 99
2781 109
2782 97
2783 98
2784 91
2785 111
2786 95
2787 113
2788 102
2789 83
2790 109
2791 102
2792 96
2793 97
2794 102
2795 116
2796 98
2797 87
2798 94
2799 109
2800 118
2801 98
2802 103
2803 103
2804 113
2805 111
2806 101
2807 88
2808 106
2809 102
2810 89
2811 87
2812 84
2813 90
2814 95
2815 92
2816 79
2817 98
2818 100
2819 90
2820 115
2821 102
2822 87
2823 79
2824 107
2825 113
2826 90
2827 103
2828 110
2829 117
2830 102
2831 95
2832 98
2833 106
2834 89
2835 93
2836 97
2837 86
2838 86
2839 106
2840 93
2841 86
2842 93
2843 112
2844 95
2845 91
2846 114
2847 96
2848 110
2849 131
2850 117
2851 90
2852 96
2853 100
2854 100
2855 101
2856 106
2857 109
2858 103
2859 87
2860 105
2861 81
2862 95
2863 103
2864 113
2865 103
2866 99
2867 122
2868 90
2869 96
2870 93
2871 123
2872 95
2873 106
2874 89
2875 100
2876 107
2877 96
2878 93
2879 99
2880 112
2881 114
2882 86
2883 100
2884 115
2885 89
2886 91
2887 104
2888 105
2889 96
2890 102
2891 101
2892 84
2893 113
2894 101
2895 90
2896 102
2897 109
2898 104
2899 95
2900 84
2901 95
2902 104
2903 108
2904 113
2905 95
2906 111
2907 118
2908 91
2909 98
2910 86
2911 95
2912 91
2913 108
2914 94
2915 99
2916 118
2917 108
2918 88
2919 95
2920 106
2921 88
2922 92
2923 93
2924 103
2925 84
2926 107
2927 91
2928 111
2929 105
2930 85
2931 114
2932 92
2933 103
2934 99
2935 90
2936 97
2937 92
2938 104
2939 117
2940 104
2941 94
2942 113
2943 95
2944 111
2945 106
2946 89
2947 91
2948 122
2949 99
2950 111
2951 98
2952 100
2953 83
2954 100
2955 116
2956 100
2957 87
2958 100
2959 101
2960 112
2961 110
2962 105
2963 120
2964 89
2965 94
2966 92
2967 99
2968 71
2969 92
2970 96
2971 104
2972 98
2973 103
2974 105
2975 120
2976 78
2977 81
2978 97
2979 91
2980 106
2981 83
2982 107
2983 97
2984 100
2985 116
2986 107
2987 110
2988 109
2989 115
2990 77
2991 111
2992 76
2993 101
2994 95
2995 106
2996 100
2997 92
2998 91
2999 106
3000 97
3001 98
3002 103
3003 101
3004 134
3005 98
3006 110
3007 90
3008 86
3009 112
3010 99
3011 107
3012 112
3013 92
3014 90
3015 93
3016 94
3017 97
3018 94
3019 92
3020 83
3021 108
3022 121
3023 120
3024 116
3025 83
3026 109
3027 90
3028 114
3029 105
3030 88
3031 89
3032 102
3033 100
3034 122
3035 92
3036 115
3037 106
3038 90
3039 95
3040 96
3041 100
3042 77
3043 104
3044 110
3045 91
3046 92
3047 86
3048 110
3049 109
3050 109
3051 88
3052 89
3053 92
3054 94
3055 114
3056 99
3057 97
3058 115
3059 119
3060 89
3061 89
3062 112
3063 121
3064 92
3065 88
3066 103
3067 99
3068 116
3069 110
3070 123
3071 122
3072 114
3073 107
3074 108
3075 91
3076 108
3077 103
3078 111
3079 95
3080 108
3081 105
3082 94
3083 116
3084 98
3085 98
3086 86
3087 132
3088 91
3089 97
3090 113
3091 106
3092 105
3093 91
3094 95
3095 104
3096 100
3097 110
3098 109
3099 89
3100 97
3101 100
3102 123
3103 89
3104 108
3105 101
3106 116
3107 76
3108 113
3109 95
3110 99
3111 97
3112 89
3113 112
3114 107
3115 81
3116 98
3117 92
3118 89
3119 104
3120 103
3121 104
3122 109
3123 93
3124 100
3125 106
3126 101
3127 122
3128 89
3129 71
3130 104
3131 91
3132 102
3133 68
3134 88
3135 96
3136 101
3137 114
3138 85
3139 101
3140 111
3141 109
3142 103
3143 108
3144 97
3145 119
3146 103
3147 92
3148 104
3149 101
3150 124
3151 90
3152 105
3153 98
3154 116
3155 108
3156 109
3157 107
3158 93
3159 89
3160 105
3161 105
3162 102
3163 97
3164 99
3165 104
3166 89
3167 81
3168 85
3169 101
3170 83
3171 98
3172 101
3173 100
3174 92
3175 106
3176 105
3177 104
3178 98
3179 107
3180 81
3181 97
3182 114
3183 94
3184 90
3185 100
3186 100
3187 113
3188 102
3189 84
3190 107
3191 107
3192 90
3193 117
3194 81
3195 111
3196 88
3197 113
3198 88
3199 100
3200 103
3201 94
3202 90
3203 109
3204 99
3205 107
3206 118
3207 97
3208 79
3209 92
3210 100
3211 100
3212 91
3213 87
3214 76
3215 98
3216 101
3217 90
3218 75
3219 102
3220 98
3221 99
3222 78
3223 91
3224 109
3225 115
3226 103
3227 112
3228 100
3229 106
3230 98
3231 85
3232 109
3233 93
3234 114
3235 101
3236 105
3237 98
3238 100
3239 88
3240 83
3241 118
3242 102
3243 107
3244 93
3245 100
3246 86
3247 92
3248 98
3249 103
3250 114
3251 100
3252 103
3253 106
3254 102
3255 95
3256 106
3257 90
3258 92
3259 103
3260 97
3261 101
3262 92
3263 101
3264 91
3265 113
3266 84
3267 101
3268 90
3269 93
3270 106
3271 125
3272 98
3273 110
3274 111
3275 105
3276 91
3277 105
3278 104
3279 106
3280 94
3281 96
3282 105
3283 86
3284 105
3285 101
3286 104
3287 84
3288 121
3289 87
3290 107
3291 103
3292 122
3293 102
3294 104
3295 101
3296 97
3297 102
3298 126
3299 109
3300 106
3301 96
3302 94
3303 96
3304 110
3305 111
3306 97
3307 88
3308 119
3309 100
3310 123
3311 86
3312 105
3313 111
3314 102
3315 88
3316 103
3317 104
3318 111
3319 105
3320 104
3321 98
3322 107
3323 87
3324 92
3325 105
3326 106
3327 112
3328 90
3329 102
3330 101
3331 111
3332 111
3333 83
3334 106
3335 108
3336 114
3337 107
3338 99
3339 94
3340 113
3341 102
3342 72
3343 113
3344 81
3345 98
3346 78
3347 99
3348 106
3349 110
3350 97
3351 92
3352 87
3353 110
3354 87
3355 96
3356 107
3357 88
3358 104
3359 111
3360 98
3361 109
3362 91
3363 102
3364 95
3365 97
3366 102
3367 108
3368 114
3369 96
3370 102
3371 107
3372 108
3373 105
3374 82
3375 100
3376 84
3377 98
3378 113
3379 107
3380 97
3381 91
3382 111
3383 86
3384 93
3385 91
3386 117
3387 100
3388 103
3389 99
3390 103
3391 105
3392 101
3393 111
3394 91
3395 97
3396 92
3397 84
3398 97
3399 92
3400 107
3401 114
3402 126
3403 90
3404 96
3405 85
3406 119
3407 102
3408 115
3409 94
3410 110
3411 97
3412 93
3413 73
3414 107
3415 95
3416 107
3417 100
3418 99
3419 104
3420 96
3421 89
3422 99
3423 113
3424 88
3425 124
3426 115
3427 94
3428 97
3429 105
3430 117
3431 97
3432 110
3433 88
3434 113
3435 99
3436 97
3437 105
3438 105
3439 108
3440 117
3441 93
3442 97
3443 97
3444 106
3445 104
3446 106
3447 110
3448 80
3449 102
3450 103
3451 110
3452 111
3453 108
3454 107
3455 103
3456 99
3457 103
3458 104
3459 106
3460 106
3461 93
3462 91
3463 107
3464 100
3465 108
3466 97
3467 80
3468 103
3469 107
3470 98
3471 88
3472 98
3473 111
3474 97
3475 113
3476 95
3477 106
3478 98
3479 101
3480 100
3481 94
3482 102
3483 100
3484 95
3485 90
3486 99
3487 99
3488 103
3489 107
3490 116
3491 120
3492 108
3493 106
3494 105
3495 101
3496 99
3497 90
3498 82
3499 101
3500 105
3501 91
3502 112
3503 87
3504 105
3505 106
3506 99
3507 108
3508 106
3509 100
3510 96
3511 97
3512 110
3513 99
3514 102
3515 85
3516 79
3517 87
3518 83
3519 90
3520 105
3521 100
3522 97
3523 91
3524 96
3525 109
3526 98
3527 113
3528 116
3529 104
3530 111
3531 95
3532 97
3533 103
3534 93
3535 105
3536 111
3537 108
3538 89
3539 81
3540 101
3541 102
3542 81
3543 93
3544 112
3545 99
3546 100
3547 106
3548 114
3549 88
3550 103
3551 96
3552 108
3553 99
3554 86
3555 81
3556 88
3557 79
3558 98
3559 92
3560 98
3561 109
3562 109
3563 102
3564 94
3565 113
3566 120
3567 87
3568 77
3569 103
3570 88
3571 103
3572 112
3573 113
3574 91
3575 94
3576 130
3577 99
3578 107
3579 93
3580 113
3581 91
3582 111
3583 111
3584 97
3585 93
3586 107
3587 90
3588 101
3589 90
3590 101
3591 104
3592 84
3593 106
3594 104
3595 89
3596 99
3597 84
3598 111
3599 108
3600 92
3601 89
3602 94
3603 105
3604 104
3605 109
3606 109
3607 95
3608 101
3609 81
3610 90
3611 99
3612 104
3613 111
3614 101
3615 114
3616 115
3617 92
3618 87
3619 99
3620 100
3621 106
3622 87
3623 95
3624 102
3625 92
3626 104
3627 95
3628 108
3629 104
3630 102
3631 92
3632 91
3633 101
3634 102
3635 99
3636 100
3637 101
3638 88
3639 106
3640 106
3641 103
3642 113
3643 100
3644 85
3645 115
3646 95
3647 103
3648 95
3649 104
3650 96
3651 84
3652 87
3653 108
3654 97
3655 121
3656 97
3657 106
3658 109
3659 91
3660 92
3661 83
3662 89
3663 114
3664 88
3665 101
3666 86
3667 90
3668 97
3669 116
3670 119
3671 100
3672 92
3673 95
3674 100
3675 112
3676 120
3677 103
3678 112
3679 101
3680 119
3681 120
3682 106
3683 105
3684 109
3685 103
3686 100
3687 96
3688 98
3689 106
3690 101
3691 96
3692 115
3693 94
3694 101
3695 116
3696 117
3697 100
3698 87
3699 110
3700 93
3701 96
3702 113
3703 123
3704 103
3705 95
3706 96
3707 104
3708 99
3709 86
3710 109
3711 99
3712 97
3713 101
3714 94
3715 109
3716 111
3717 87
3718 113
3719 110
3720 89
3721 91
3722 90
3723 80
3724 84
3725 85
3726 107
3727 106
3728 103
3729 120
3730 97
3731 89
3732 110
3733 94
3734 84
3735 102
3736 105
3737 107
3738 93
3739 120
3740 104
3741 104
3742 97
3743 85
3744 111
3745 112
3746 117
3747 103
3748 109
3749 85
3750 99
3751 99
3752 111
3753 96
3754 98
3755 99
3756 98
3757 84
3758 100
3759 101
3760 89
3761 125
3762 121
3763 117
3764 91
3765 98
3766 99
3767 102
3768 105
3769 104
3770 95
3771 108
3772 103
3773 109
3774 107
3775 93
3776 89
3777 115
3778 103
3779 85
3780 89
3781 109
3782 95
3783 99
3784 100
3785 105
3786 89
3787 93
3788 85
3789 90
3790 102
3791 93
3792 95
3793 112
3794 107
3795 93
3796 113
3797 104
3798 101
3799 101
3800 104
3801 102
3802 109
3803 112
3804 95
3805 97
3806 101
3807 110
3808 82
3809 84
3810 105
3811 96
3812 100
3813 95
3814 102
3815 89
3816 100
3817 100
3818 110
3819 93
3820 103
3821 94
3822 95
3823 96
3824 105
3825 113
3826 111
3827 102
3828 93
3829 85
3830 91
3831 109
3832 104
3833 102
3834 91
3835 98
3836 89
3837 91
3838 102
3839 112
3840 102
3841 95
3842 99
3843 89
3844 102
3845 93
3846 99
3847 102
3848 81
3849 119
3850 102
3851 99
3852 78
3853 118
3854 97
3855 103
3856 92
3857 108
3858 110
3859 112
3860 104
3861 110
3862 111
3863 95
3864 111
3865 104
3866 91
3867 115
3868 110
3869 101
3870 85
3871 98
3872 98
3873 98
3874 97
3875 98
3876 94
3877 101
3878 86
3879 105
3880 122
3881 83
3882 99
3883 91
3884 101
3885 94
3886 100
3887 92
3888 101
3889 120
3890 102
3891 121
3892 92
3893 110
3894 103
3895 94
3896 99
3897 91
3898 88
3899 93
3900 109
3901 105
3902 92
3903 99
3904 84
3905 86
3906 98
3907 96
3908 114
3909 107
3910 108
3911 112
3912 108
3913 93
3914 104
3915 100
3916 100
3917 99
3918 94
3919 97
3920 82
3921 100
3922 93
3923 114
3924 107
3925 104
3926 91
3927 99
3928 95
3929 73
3930 85
3931 101
3932 98
3933 107
3934 89
3935 89
3936 104
3937 102
3938 96
3939 93
3940 99
3941 97
3942 95
3943 117
3944 99
3945 110
3946 106
3947 112
3948 104
3949 108
3950 94
3951 93
3952 91
3953 86
3954 107
3955 94
3956 83
3957 95
3958 107
3959 96
3960 91
3961 95
3962 96
3963 103
3964 114
3965 97
3966 105
3967 95
3968 90
3969 107
3970 89
3971 101
3972 109
3973 94
3974 102
3975 101
3976 100
3977 108
3978 94
3979 107
3980 108
3981 111
3982 96
3983 112
3984 98
3985 95
3986 99
3987 119
3988 110
3989 109
3990 96
3991 112
3992 112
3993 93
3994 95
3995 103
3996 87
3997 110
3998 115
3999 103
4000 116
4001 105
4002 92
4003 99
4004 105
4005 98
4006 112
4007 103
4008 100
4009 94
4010 90
4011 85
4012 78
4013 108
4014 103
4015 102
4016 96
4017 114
4018 84
4019 108
4020 106
4021 122
4022 78
4023 110
4024 100
4025 110
4026 89
4027 107
4028 107
4029 114
4030 98
4031 95
4032 105
4033 101
4034 108
4035 92
4036 112
4037 91
4038 95
4039 86
4040 88
4041 87
4042 75
4043 111
4044 90
4045 100
4046 106
4047 106
4048 88
4049 93
4050 119
4051 118
4052 109
4053 95
4054 111
4055 100
4056 114
4057 80
4058 102
4059 98
4060 94
4061 106
4062 109
4063 135
4064 101
4065 103
4066 103
4067 92
4068 119
4069 92
4070 91
4071 109
4072 97
4073 115
4074 103
4075 113
4076 104
4077 132
4078 97
4079 106
4080 86
4081 125
4082 102
4083 104
4084 100
4085 107
4086 85
4087 83
4088 86
4089 101
4090 103
4091 132
4092 100
4093 107
4094 109
4095 102
4096 94
4097 100
4098 81
4099 119
4100 87
4101 88
4102 120
4103 106
4104 101
4105 114
4106 116
4107 89
4108 115
4109 95
4110 107
4111 92
4112 88
4113 96
4114 103
4115 92
4116 96
4117 110
4118 82
4119 103
4120 93
4121 105
4122 113
4123 93
4124 102
4125 81
4126 93
4127 103
4128 93
4129 89
4130 111
4131 99
4132 91
4133 101
4134 115
4135 98
4136 87
4137 98
4138 113
4139 79
4140 100
4141 100
4142 95
4143 95
4144 107
4145 106
4146 111
4147 107
4148 94
4149 102
4150 87
4151 103
4152 107
4153 115
4154 86
4155 109
4156 97
4157 120
4158 100
4159 91
4160 89
4161 111
4162 104
4163 109
4164 87
4165 83
4166 93
4167 98
4168 115
4169 99
4170 100
4171 94
4172 85
4173 108
4174 97
4175 89
4176 112
4177 118
4178 91
4179 83
4180 96
4181 98
4182 111
4183 112
4184 95
4185 100
4186 86
4187 104
4188 95
4189 111
4190 122
4191 102
4192 95
4193 113
4194 105
4195 92
4196 103
4197 106
4198 79
4199 109
4200 96
4201 108
4202 94
4203 108
4204 104
4205 101
4206 114
4207 103
4208 99
4209 109
4210 108
4211 79
4212 106
4213 100
4214 72
4215 99
4216 97
4217 114
4218 107
4219 116
4220 116
4221 115
4222 100
4223 89
4224 112
4225 102
4226 88
4227 96
4228 74
4229 99
4230 81
4231 134
4232 97
4233 119
4234 110
4235 96
4236 89
4237 108
4238 92
4239 104
4240 111
4241 95
4242 106
4243 113
4244 102
4245 84
4246 115
4247 103
4248 99
4249 108
4250 95
4251 112
4252 99
4253 108
4254 106
4255 86
4256 100
4257 87
4258 97
4259 95
4260 96
4261 91
4262 109
4263 104
4264 122
4265 90
4266 89
4267 83
4268 115
4269 109
4270 87
4271 81
4272 96
4273 82
4274 106
4275 102
4276 105
4277 114
4278 97
4279 108
4280 92
4281 95
4282 96
4283 91
4284 94
4285 106
4286 96
4287 87
4288 107
4289 113
4290 87
4291 90
4292 97
4293 108
4294 95
4295 87
4296 108
4297 87
4298 103
4299 106
4300 105
4301 103
4302 101
4303 111
4304 107
4305 112
4306 120
4307 97
4308 99
4309 80
4310 111
4311 83
4312 94
4313 82
4314 94
4315 102
4316 105
4317 95
4318 105
4319 79
4320 94
4321 111
4322 96
4323 98
4324 107
4325 107
4326 100
4327 114
4328 107
4329 96
4330 79
4331 110
4332 74
4333 108
4334 123
4335 98
4336 102
4337 111
4338 91
4339 103
4340 116
4341 96
4342 106
4343 87
4344 88
4345 93
4346 96
4347 102
4348 81
4349 78
4350 89
4351 109
4352 113
4353 102
4354 88
4355 101
4356 101
4357 99
4358 94
4359 101
4360 120
4361 88
4362 93
4363 104
4364 117
4365 114
4366 92
4367 87
4368 112
4369 118
4370 111
4371 100
4372 105
4373 99
4374 93
4375 93
4376 104
4377 99
4378 108
4379 98
4380 93
4381 97
4382 106
4383 114
4384 102
4385 99
4386 93
4387 105
4388 92
4389 123
4390 103
4391 92
4392 89
4393 93
4394 104
4395 90
4396 114
4397 102
4398 108
4399 81
4400 106
4401 99
4402 92
4403 98
4404 104
4405 93
4406 110
4407 108
4408 113
4409 106
4410 106
4411 115
4412 118
4413 95
4414 92
4415 107
4416 91
4417 100
4418 111
4419 110
4420 92
4421 81
4422 106
4423 119
4424 107
4425 111
4426 105
4427 102
4428 109
4429 94
4430 101
4431 112
4432 93
4433 102
4434 97
4435 86
4436 98
4437 107
4438 115
4439 99
4440 99
4441 94
4442 90
4443 111
4444 102
4445 106
4446 108
4447 119
4448 94
4449 103
4450 108
4451 123
4452 97
4453 102
4454 95
4455 100
4456 107
4457 110
4458 118
4459 87
4460 83
4461 110
4462 93
4463 110
4464 102
4465 111
4466 106
4467 101
4468 103
4469 94
4470 103
4471 83
4472 91
4473 109
4474 99
4475 122
4476 91
4477 99
4478 88
4479 94
4480 103
4481 92
4482 107
4483 103
4484 100
4485 109
4486 94
4487 95
4488 100
4489 112
4490 99
4491 108
4492 109
4493 102
4494 103
4495 105
4496 96
4497 108
4498 87
4499 86
4500 108
4501 83
4502 102
4503 107
4504 100
4505 110
4506 111
4507 118
4508 126
4509 103
4510 123
4511 102
4512 83
4513 93
4514 97
4515 101
4516 105
4517 111
4518 85
4519 104
4520 101
4521 105
4522 98
4523 93
4524 107
4525 99
4526 91
4527 101
4528 118
4529 85
4530 121
4531 109
4532 96
4533 105
4534 111
4535 107
4536 77
4537 102
4538 110
4539 110
4540 94
4541 104
4542 101
4543 105
4544 101
4545 105
4546 99
4547 93
4548 107
4549 113
4550 100
4551 102
4552 93
4553 109
4554 96
4555 110
4556 95
4557 85
4558 77
4559 100
4560 108
4561 85
4562 88
4563 101
4564 94
4565 106
4566 85
4567 98
4568 98
4569 92
4570 96
4571 92
4572 114
4573 102
4574 92
4575 107
4576 104
4577 94
4578 106
4579 80
4580 94
4581 85
4582 112
4583 88
4584 108
4585 120
4586 93
4587 94
4588 106
4589 97
4590 86
4591 85
4592 110
4593 102
4594 83
4595 101
4596 82
4597 102
4598 114
4599 86
4600 87
4601 93
4602 83
4603 98
4604 92
4605 104
4606 97
4607 97
4608 104
4609 98
4610 85
4611 100
4612 103
4613 92
4614 110
4615 103
4616 100
4617 104
4618 87
4619 105
4620 109
4621 89
4622 85
4623 102
4624 99
4625 101
4626 115
4627 102
4628 111
4629 88
4630 91
4631 96
4632 108
4633 109
4634 99
4635 113
4636 97
4637 101
4638 87
4639 102
4640 102
4641 100
4642 101
4643 89
4644 117
4645 99
4646 82
4647 81
4648 85
4649 108
4650 96
4651 92
4652 94
4653 108
4654 87
4655 96
4656 115
4657 86
4658 101
4659 101
4660 95
4661 113
4662 92
4663 96
4664 89
4665 107
4666 112
4667 98
4668 118
4669 108
4670 88
4671 96
4672 99
4673 78
4674 89
4675 107
4676 102
4677 110
4678 121
4679 88
4680 117
4681 94
4682 98
4683 82
4684 99
4685 93
4686 83
4687 102
4688 97
4689 106
4690 94
4691 87
4692 97
4693 114
4694 102
4695 97
4696 108
4697 89
4698 91
4699 81
4700 103
4701 107
4702 98
4703 108
4704 99
4705 123
4706 103
4707 97
4708 96
4709 93
4710 94
4711 105
4712 98
4713 97
4714 111
4715 101
4716 93
4717 92
4718 131
4719 104
4720 104
4721 115
4722 93
4723 112
4724 90
4725 107
4726 89
4727 96
4728 106
4729 95
4730 98
4731 96
4732 96
4733 109
4734 101
4735 104
4736 96
4737 96
4738 98
4739 102
4740 86
4741 94
4742 94
4743 97
4744 98
4745 121
4746 85
4747 105
4748 112
4749 102
4750 100
4751 102
4752 101
4753 99
4754 111
4755 98
4756 101
4757 104
4758 113
4759 79
4760 99
4761 102
4762 99
4763 102
4764 97
4765 89
4766 90
4767 100
4768 96
4769 95
4770 97
4771 105
4772 96
4773 99
4774 95
4775 88
4776 119
4777 107
4778 96
4779 100
4780 110
4781 94
4782 99
4783 98
4784 82
4785 91
4786 108
4787 111
4788 93
4789 109
4790 126
4791 105
4792 112
4793 93
4794 116
4795 108
4796 83
4797 94
4798 92
4799 94
4800 99
4801 84
4802 96
4803 103
4804 92
4805 94
4806 110
4807 109
4808 114
4809 97
4810 104
4811 103
4812 111
4813 90
4814 99
4815 112
4816 107
4817 80
4818 96
4819 95
4820 102
4821 106
4822 115
4823 107
4824 101
4825 95
4826 97
4827 117
4828 94
4829 95
4830 85
4831 92
4832 116
4833 119
4834 114
4835 95
4836 107
4837 107
4838 90
4839 90
4840 94
4841 94
4842 85
4843 106
4844 93
4845 113
4846 89
4847 94
4848 105
4849 109
4850 109
4851 94
4852 97
4853 83
4854 112
4855 97
4856 99
4857 122
4858 94
4859 84
4860 96
4861 129
4862 87
4863 92
4864 94
4865 100
4866 99
4867 91
4868 112
4869 105
4870 102
4871 95
4872 101
4873 73
4874 97
4875 103
4876 99
4877 81
4878 93
4879 91
4880 98
4881 99
4882 101
4883 110
4884 86
4885 106
4886 113
4887 101
4888 102
4889 109
4890 103
4891 87
4892 102
4893 114
4894 123
4895 93
4896 97
4897 107
4898 86
4899 96
4900 102
4901 116
4902 104
4903 108
4904 104
4905 88
4906 98
4907 98
4908 98
4909 100
4910 88
4911 94
4912 110
4913 109
4914 103
4915 99
4916 103
4917 89
4918 106
4919 105
4920 101
4921 95
4922 85
4923 87
4924 87
4925 103
4926 93
4927 109
4928 80
4929 105
4930 104
4931 112
4932 95
4933 103
4934 107
4935 84
4936 90
4937 91
4938 87
4939 106
4940 105
4941 89
4942 101
4943 77
4944 102
4945 100
4946 102
4947 107
4948 98
4949 99
4950 100
4951 85
4952 90
4953 121
4954 105
4955 112
4956 94
4957 118
4958 100
4959 115
4960 122
4961 108
4962 106
4963 88
4964 105
4965 91
4966 94
4967 113
4968 99
4969 106
4970 101
4971 104
4972 94
4973 90
4974 92
4975 100
4976 85
4977 114
4978 88
4979 107
4980 93
4981 102
4982 108
4983 103
4984 95
4985 99
4986 106
4987 111
4988 89
4989 114
4990 102
4991 109
4992 94
4993 102
4994 97
4995 104
4996 105
4997 111
4998 94
4999 98
5000 100
5001 86
5002 100
5003 102
5004 115
5005 119
5006 88
5007 86
5008 104
5009 111
5010 110
5011 90
5012 90
5013 119
5014 105
5015 98
5016 108
5017 101
5018 115
5019 105
5020 96
5021 104
5022 94
5023 94
5024 95
5025 114
5026 102
5027 94
5028 98
5029 84
5030 103
5031 84
5032 119
5033 98
5034 111
5035 89
5036 112
5037 104
5038 98
5039 85
5040 101
5041 112
5042 104
5043 114
5044 109
5045 106
5046 96
5047 94
5048 103
5049 118
5050 99
5051 94
5052 113
5053 105
5054 94
5055 93
5056 94
5057 88
5058 112
5059 92
5060 117
5061 105
5062 78
5063 109
5064 102
5065 96
5066 93
5067 92
5068 108
5069 110
5070 86
5071 90
5072 99
5073 106
5074 115
5075 79
5076 101
5077 95
5078 96
5079 114
5080 98
5081 100
5082 107
5083 111
5084 106
5085 117
5086 104
5087 84
5088 89
5089 98
5090 94
5091 99
5092 97
5093 122
5094 98
5095 99
5096 92
5097 101
5098 99
5099 93
5100 114
5101 105
5102 91
5103 95
5104 113
5105 107
5106 96
5107 94
5108 96
5109 83
5110 93
5111 96
5112 90
5113 91
5114 102
5115 74
5116 102
5117 113
5118 107
5119 98
5120 106
5121 101
5122 106
5123 97
5124 107
5125 100
5126 102
5127 108
5128 115
5129 103
5130 86
5131 110
5132 106
5133 87
5134 117
5135 101
5136 104
5137 101
5138 99
5139 92
5140 105
5141 102
5142 106
5143 92
5144 107
5145 101
5146 103
5147 99
5148 115
5149 93
5150 85
5151 82
5152 112
5153 105
5154 80
5155 105
5156 88
5157 91
5158 92
5159 99
5160 103
5161 83
5162 116
5163 116
5164 104
5165 123
5166 103
5167 115
5168 93
5169 91
5170 106
5171 95
5172 84
5173 85
5174 104
5175 94
5176 115
5177 112
5178 100
5179 110
5180 89
5181 90
5182 94
5183 100
5184 103
5185 95
5186 111
5187 83
5188 99
5189 96
5190 110
5191 81
5192 99
5193 96
5194 104
5195 91
5196 104
5197 99
5198 107
5199 100
5200 100
5201 98
5202 99
5203 81
5204 102
5205 95
5206 113
5207 93
5208 88
5209 98
5210 104
5211 91
5212 86
5213 94
5214 89
5215 115
5216 95
5217 108
5218 99
5219 102
5220 109
5221 91
5222 95
5223 94
5224 87
5225 108
5226 104
5227 95
5228 109
5229 105
5230 112
5231 113
5232 120
5233 97
5234 94
5235 122
5236 102
5237 100
5238 115
5239 115
5240 112
5241 94
5242 107
5243 96
5244 95
5245 117
5246 109
5247 82
5248 102
5249 74
5250 98
5251 90
5252 105
5253 97
5254 101
5255 88
5256 99
5257 98
5258 108
5259 108
5260 109
5261 102
5262 107
5263 98
5264 83
5265 87
5266 70
5267 92
5268 117
5269 97
5270 100
5271 99
5272 80
5273 77
5274 104
5275 99
5276 114
5277 100
5278 95
5279 99
5280 84
5281 100
5282 105
5283 90
5284 104
5285 99
5286 93
5287 98
5288 116
5289 108
5290 97
5291 94
5292 90
5293 98
5294 100
5295 86
5296 105
5297 99
5298 106
5299 96
5300 110
5301 98
5302 111
5303 105
5304 108
5305 118
5306 104
5307 120
5308 94
5309 95
5310 107
5311 88
5312 92
5313 104
5314 100
5315 103
5316 91
5317 116
5318 107
5319 93
5320 94
5321 94
5322 90
5323 113
5324 94
5325 98
5326 88
5327 90
5328 92
5329 108
5330 86
5331 95
5332 92
5333 102
5334 115
5335 96
5336 108
5337 96
5338 90
5339 90
5340 99
5341 88
5342 116
5343 85
5344 108
5345 91
5346 96
5347 120
5348 94
5349 91
5350 104
5351 94
5352 88
5353 92
5354 112
5355 106
5356 99
5357 95
5358 84
5359 99
5360 99
5361 98
5362 110
5363 95
5364 120
5365 86
5366 112
5367 100
5368 113
5369 104
5370 106
5371 92
5372 107
5373 75
5374 95
5375 97
5376 88
5377 107
5378 85
5379 104
5380 92
5381 99
5382 94
5383 98
5384 109
5385 94
5386 108
5387 98
5388 116
5389 88
5390 118
5391 86
5392 114
5393 96
5394 111
5395 109
5396 112
5397 90
5398 112
5399 87
5400 97
5401 116
5402 90
5403 107
5404 99
5405 106
5406 86
5407 102
5408 99
5409 97
5410 121
5411 110
5412 94
5413 92
5414 71
5415 94
5416 112
5417 88
5418 119
5419 123
5420 86
5421 90
5422 105
5423 86
5424 105
5425 99
5426 131
5427 82
5428 83
5429 102
5430 105
5431 106
5432 98
5433 104
5434 92
5435 86
5436 122
5437 76
5438 92
5439 90
5440 118
5441 96
5442 109
5443 89
5444 90
5445 96
5446 103
5447 97
5448 94
5449 94
5450 90
5451 102
5452 93
5453 116
5454 103
5455 106
5456 111
5457 102
5458 100
5459 90
5460 94
5461 92
5462 102
5463 92
5464 102
5465 100
5466 100
5467 99
5468 106
5469 88
5470 97
5471 112
5472 100
5473 105
5474 93
5475 109
5476 105
5477 84
5478 90
5479 120
5480 111
5481 113
5482 102
5483 87
5484 95
5485 106
5486 95
5487 92
5488 93
5489 116
5490 95
5491 97
5492 112
5493 92
5494 100
5495 99
5496 104
5497 101
5498 91
5499 101
5500 89
5501 114
5502 106
5503 91
5504 111
5505 93
5506 102
5507 85
5508 92
5509 101
5510 101
5511 91
5512 97
5513 100
5514 90
5515 106
5516 93
5517 85
5518 104
5519 86
5520 105
5521 80
5522 103
5523 110
5524 101
5525 110
5526 101
5527 93
5528 106
5529 87
5530 101
5531 94
5532 105
5533 79
5534 84
5535 77
5536 101
5537 96
5538 93
5539 107
5540 99
5541 101
5542 98
5543 95
5544 117
5545 116
5546 102
5547 109
5548 90
5549 94
5550 76
5551 98
5552 86
5553 105
5554 110
5555 86
5556 86
5557 101
5558 103
5559 103
5560 102
5561 96
5562 92
5563 88
5564 94
5565 86
5566 98
5567 103
5568 115
5569 90
5570 108
5571 99
5572 106
5573 79
5574 96
5575 97
5576 86
5577 121
5578 97
5579 91
5580 103
5581 94
5582 108
5583 99
5584 100
5585 91
5586 121
5587 94
5588 105
5589 101
5590 99
5591 116
5592 91
5593 115
5594 90
5595 95
5596 103
5597 97
5598 103
5599 115
5600 102
5601 106
5602 89
5603 97
5604 98
5605 123
5606 104
5607 84
5608 92
5609 97
5610 101
5611 97
5612 90
5613 124
5614 97
5615 103
5616 92
5617 115
5618 97
5619 83
5620 81
5621 110
5622 109
5623 93
5624 100
5625 115
5626 103
5627 107
5628 82
5629 97
5630 106
5631 106
5632 99
5633 105
5634 94
5635 100
5636 113
5637 100
5638 118
5639 101
5640 94
5641 86
5642 94
5643 104
5644 110
5645 119
5646 119
5647 108
5648 91
5649 92
5650 97
5651 97
5652 104
5653 102
5654 111
5655 82
5656 126
5657 106
5658 94
5659 106
5660 92
5661 84
5662 113
5663 112
5664 105
5665 79
5666 94
5667 94
5668 92
5669 106
5670 102
5671 96
5672 86
5673 112
5674 91
5675 90
5676 98
5677 95
5678 101
5679 92
5680 82
5681 100
5682 117
5683 104
5684 109
5685 85
5686 102
5687 101
5688 106
5689 107
5690 105
5691 106
5692 105
5693 86
5694 76
5695 112
5696 111
5697 80
5698 89
5699 96
5700 102
5701 104
5702 100
5703 116
5704 99
5705 103
5706 100
5707 101
5708 100
5709 95
5710 92
5711 90
5712 122
5713 106
5714 102
5715 92
5716 101
5717 101
5718 103
5719 96
5720 89
5721 109
5722 110
5723 92
5724 87
5725 93
5726 83
5727 97
5728 96
5729 111
5730 86
5731 88
5732 100
5733 103
5734 87
5735 112
5736 94
5737 106
5738 97
5739 113
5740 107
5741 114
5742 99
5743 93
5744 83
5745 107
5746 100
5747 91
5748 94
5749 113
5750 103
5751 83
5752 91
5753 117
5754 99
5755 104
5756 88
5757 106
5758 87
5759 103
5760 126
5761 83
5762 107
5763 116
5764 83
5765 102
5766 110
5767 96
5768 91
5769 94
5770 91
5771 114
5772 111
5773 81
5774 102
5775 88
5776 95
5777 113
5778 105
5779 98
5780 108
5781 113
5782 101
5783 104
5784 84
5785 101
5786 116
5787 96
5788 108
5789 108
5790 72
5791 102
5792 105
5793 94
5794 109
5795 93
5796 100
5797 100
5798 111
5799 112
5800 107
5801 57
5802 110
5803 89
5804 89
5805 86
5806 108
5807 107
5808 102
5809 86
5810 94
5811 108
5812 94
5813 90
5814 98
5815 101
5816 93
5817 96
5818 90
5819 101
5820 90
5821 122
5822 94
5823 109
5824 75
5825 96
5826 103
5827 100
5828 103
5829 88
5830 92
5831 94
5832 121
5833 101
5834 79
5835 111
5836 98
5837 89
5838 102
5839 120
5840 96
5841 94
5842 100
5843 111
5844 111
5845 111
5846 96
5847 89
5848 111
5849 80
5850 105
5851 88
5852 107
5853 104
5854 91
5855 101
5856 103
5857 111
5858 111
5859 95
5860 97
5861 100
5862 94
5863 121
5864 101
5865 99
5866 85
5867 108
5868 109
5869 109
5870 105
5871 91
5872 102
5873 117
5874 95
5875 80
5876 89
5877 105
5878 98
5879 111
5880 104
5881 95
5882 98
5883 95
5884 103
5885 94
5886 105
5887 110
5888 95
5889 98
5890 131
5891 124
5892 102
5893 101
5894 110
5895 118
5896 94
5897 97
5898 98
5899 93
5900 100
5901 99
5902 104
5903 95
5904 88
5905 93
5906 90
5907 90
5908 100
5909 113
5910 110
5911 93
5912 112
5913 98
5914 117
5915 100
5916 111
5917 110
5918 107
5919 89
5920 96
5921 102
5922 96
5923 112
5924 97
5925 98
5926 89
5927 98
5928 100
5929 83
5930 90
5931 99
5932 98
5933 98
5934 106
5935 88
5936 87
5937 90
5938 107
5939 91
5940 99
5941 112
5942 106
5943 98
5944 107
5945 94
5946 104
5947 94
5948 113
5949 95
5950 92
5951 105
5952 105
5953 84
5954 115
5955 123
5956 119
5957 102
5958 99
5959 102
5960 92
5961 134
5962 105
5963 96
5964 88
5965 94
5966 99
5967 104
5968 101
5969 92
5970 115
5971 106
5972 107
5973 111
5974 113
5975 75
5976 104
5977 102
5978 95
5979 88
5980 109
5981 104
5982 79
5983 101
5984 107
5985 93
5986 85
5987 114
5988 91
5989 101
5990 103
5991 98
5992 88
5993 90
5994 83
5995 85
5996 107
5997 101
5998 102
5999 82
6000 102
6001 89
6002 110
6003 83
6004 115
6005 104
6006 104
6007 98
6008 90
6009 115
6010 107
6011 96
6012 128
6013 108
6014 93
6015 106
6016 113
6017 109
6018 109
6019 111
6020 103
6021 105
6022 94
6023 105
6024 114
6025 81
6026 92
6027 104
6028 98
6029 102
6030 94
6031 93
6032 87
6033 100
6034 99
6035 84
6036 99
6037 113
6038 106
6039 96
6040 107
6041 98
6042 105
6043 97
6044 96
6045 101
6046 92
6047 111
6048 103
6049 103
6050 86
6051 107
6052 95
6053 108
6054 105
6055 93
6056 112
6057 107
6058 92
6059 100
6060 105
6061 104
6062 95
6063 94
6064 103
6065 101
6066 109
6067 73
6068 87
6069 105
6070 121
6071 110
6072 87
6073 121
6074 100
6075 106
6076 97
6077 101
6078 106
6079 98
6080 101
6081 112
6082 98
6083 101
6084 79
6085 103
6086 87
6087 116
6088 87
6089 95
6090 93
6091 107
6092 98
6093 95
6094 101
6095 100
6096 114
6097 106
6098 117
6099 90
6100 76
6101 100
6102 96
6103 90
6104 87
6105 109
6106 101
6107 106
6108 115
6109 91
6110 83
6111 114
6112 110
6113 100
6114 85
6115 113
6116 100
6117 107
6118 96
6119 88
6120 78
6121 99
6122 85
6123 111
6124 110
6125 91
6126 110
6127 82
6128 92
6129 94
6130 94
6131 91
6132 95
6133 104
6134 95
6135 97
6136 106
6137 109
6138 102
6139 97
6140 115
6141 110
6142 100
6143 101
6144 100
6145 93
6146 92
6147 98
6148 97
6149 112
6150 101
6151 110
6152 78
6153 110
6154 96
6155 98
6156 86
6157 102
6158 100
6159 77
6160 97
6161 92
6162 95
6163 105
6164 115
6165 95
6166 112
6167 92
6168 98
6169 90
6170 91
6171 107
6172 109
6173 88
6174 97
6175 115
6176 96
6177 98
6178 108
6179 105
6180 115
6181 134
6182 89
6183 110
6184 97
6185 79
6186 104
6187 99
6188 118
6189 92
6190 109
6191 80
6192 108
6193 95
6194 88
6195 80
6196 108
6197 108
6198 94
6199 97
6200 100
6201 92
6202 86
6203 104
6204 92
6205 101
6206 110
6207 98
6208 95
6209 109
6210 103
6211 97
6212 71
6213 79
6214 111
6215 85
6216 78
6217 105
6218 103
6219 116
6220 109
6221 109
6222 108
6223 109
6224 93
6225 89
6226 116
6227 108
6228 93
6229 102
6230 103
6231 97
6232 104
6233 108
6234 113
6235 95
6236 90
6237 109
6238 97
6239 98
6240 100
6241 100
6242 109
6243 105
6244 102
6245 111
6246 97
6247 102
6248 104
6249 110
6250 106
6251 90
6252 92
6253 88
6254 100
6255 116
6256 90
6257 90
6258 120
6259 100
6260 99
6261 103
6262 123
6263 108
6264 101
6265 99
6266 99
6267 100
6268 103
6269 91
6270 99
6271 99
6272 102
6273 88
6274 89
6275 87
6276 109
6277 101
6278 92
6279 106
6280 100
6281 96
6282 110
6283 104
6284 103
6285 102
6286 131
6287 91
6288 110
6289 89
6290 88
6291 104
6292 103
6293 86
6294 117
6295 94
6296 92
6297 105
6298 111
6299 84
6300 107
6301 105
6302 98
6303 95
6304 115
6305 100
6306 94
6307 90
6308 99
6309 101
6310 123
6311 101
6312 86
6313 102
6314 110
6315 107
6316 88
6317 90
6318 90
6319 91
6320 85
6321 88
6322 104
6323 112
6324 95
6325 115
6326 100
6327 106
6328 94
6329 94
6330 115
6331 101
6332 97
6333 100
6334 105
6335 115
6336 104
6337 93
6338 91
6339 104
6340 95
6341 104
6342 96
6343 104
6344 97
6345 105
6346 133
6347 106
6348 93
6349 106
6350 87
6351 97
6352 90
6353 91
6354 109
6355 97
6356 102
6357 107
6358 96
6359 89
6360 98
6361 94
6362 87
6363 99
6364 94
6365 112
6366 79
6367 116
6368 103
6369 81
6370 111
6371 107
6372 91
6373 110
6374 107
6375 97
6376 112
6377 103
6378 115
6379 114
6380 91
6381 81
6382 109
6383 101
6384 109
6385 104
6386 96
6387 77
6388 99
6389 106
6390 94
6391 114
6392 100
6393 107
6394 93
6395 124
6396 89
6397 114
6398 92
6399 98
6400 115
6401 98
6402 98
6403 87
6404 89
6405 112
6406 106
6407 97
6408 104
6409 100
6410 104
6411 109
6412 116
6413 93
6414 95
6415 111
6416 94
6417 100
6418 101
6419 97
6420 98
6421 103
6422 95
6423 94
6424 90
6425 100
6426 91
6427 101
6428 113
6429 94
6430 85
6431 88
6432 76
6433 99
6434 106
6435 85
6436 86
6437 88
6438 100
6439 97
6440 126
6441 94
6442 97
6443 87
6444 81
6445 89
6446 101
6447 97
6448 103
6449 83
6450 76
6451 106
6452 101
6453 108
6454 78
6455 95
6456 102
6457 102
6458 104
6459 93
6460 91
6461 93
6462 77
6463 83
6464 104
6465 95
6466 90
6467 102
6468 89
6469 117
6470 112
6471 110
6472 88
6473 102
6474 94
6475 85
6476 110
6477 100
6478 105
6479 111
6480 85
6481 98
6482 120
6483 103
6484 92
6485 116
6486 98
6487 93
6488 95
6489 104
6490 100
6491 104
6492 92
6493 88
6494 90
6495 124
6496 98
6497 104
6498 100
6499 93
6500 87
6501 95
6502 106
6503 115
6504 121
6505 89
6506 97
6507 102
6508 92
6509 96
6510 99
6511 118
6512 104
6513 109
6514 93
6515 101
6516 98
6517 108
6518 88
6519 97
6520 108
6521 113
6522 96
6523 96
6524 92
6525 111
6526 85
6527 87
6528 97
6529 104
6530 121
6531 94
6532 86
6533 122
6534 96
6535 89
6536 88
6537 102
6538 109
6539 115
6540 91
6541 95
6542 103
6543 79
6544 109
6545 119
6546 91
6547 96
6548 108
6549 101
6550 102
6551 100
6552 96
6553 91
6554 98
6555 97
6556 87
6557 105
6558 123
6559 92
6560 83
6561 90
6562 96
6563 94
6564 78
6565 96
6566 110
6567 108
6568 100
6569 111
6570 96
6571 97
6572 100
6573 104
6574 102
6575 103
6576 111
6577 116
6578 92
6579 86
6580 99
6581 104
6582 87
6583 98
6584 109
6585 114
6586 92
6587 99
6588 119
6589 89
6590 104
6591 98
6592 108
6593 100
6594 94
6595 91
6596 102
6597 103
6598 93
6599 103
6600 97
6601 106
6602 93
6603 96
6604 104
6605 107
6606 98
6607 92
6608 87
6609 76
6610 83
6611 97
6612 92
6613 107
6614 101
6615 83
6616 94
6617 96
6618 99
6619 122
6620 104
6621 102
6622 95
6623 104
6624 103
6625 95
6626 100
6627 89
6628 92
6629 108
6630 101
6631 87
6632 100
6633 114
6634 99
6635 95
6636 114
6637 84
6638 88
6639 105
6640 96
6641 113
6642 101
6643 103
6644 115
6645 103
6646 111
6647 87
6648 100
6649 106
6650 106
6651 96
6652 115
6653 88
6654 107
6655 126
6656 116
6657 97
6658 101
6659 102
6660 92
6661 102
6662 120
6663 89
6664 88
6665 94
6666 96
6667 107
6668 90
6669 93
6670 106
6671 115
6672 87
6673 87
6674 88
6675 87
6676 88
6677 86
6678 77
6679 97
6680 110
6681 106
6682 101
6683 119
6684 91
6685 105
6686 113
6687 96
6688 85
6689 87
6690 113
6691 108
6692 88
6693 92
6694 92
6695 112
6696 94
6697 101
6698 87
6699 109
6700 76
6701 105
6702 89
6703 100
6704 99
6705 94
6706 105
6707 94
6708 84
6709 101
6710 101
6711 124
6712 108
6713 117
6714 94
6715 114
6716 104
6717 116
6718 104
6719 107
6720 103
6721 112
6722 93
6723 95
6724 99
6725 88
6726 104
6727 99
6728 108
6729 111
6730 109
6731 91
6732 84
6733 114
6734 112
6735 97
6736 99
6737 103
6738 106
6739 97
6740 102
6741 95
6742 99
6743 125
6744 99
6745 98
6746 99
6747 79
6748 103
6749 114
6750 98
6751 102
6752 108
6753 93
6754 93
6755 112
6756 103
6757 107
6758 100
6759 115
6760 100
6761 97
6762 96
6763 101
6764 104
6765 90
6766 98
6767 95
6768 93
6769 125
6770 90
6771 114
6772 90
6773 95
6774 89
6775 77
6776 110
6777 90
6778 86
6779 94
6780 119
6781 106
6782 91
6783 112
6784 102
6785 111
6786 87
6787 98
6788 86
6789 111
6790 91
6791 96
6792 102
6793 96
6794 106
6795 103
6796 105
6797 111
6798 110
6799 107
6800 90
6801 96
6802 96
6803 104
6804 108
6805 114
6806 96
6807 96
6808 90
6809 114
6810 104
6811 97
6812 102
6813 92
6814 117
6815 103
6816 96
6817 97
6818 81
6819 101
6820 113
6821 109
6822 103
6823 95
6824 101
6825 92
6826 87
6827 112
6828 80
6829 96
6830 88
6831 100
6832 102
6833 102
6834 109
6835 109
6836 85
6837 95
6838 104
6839 96
6840 111
6841 93
6842 97
6843 114
6844 98
6845 116
6846 97
6847 88
6848 102
6849 103
6850 94
6851 99
6852 115
6853 96
6854 104
6855 104
6856 88
6857 90
6858 103
6859 113
6860 101
6861 108
6862 104
6863 86
6864 103
6865 106
6866 110
6867 94
6868 107
6869 107
6870 95
6871 95
6872 90
6873 113
6874 88
6875 117
6876 104
6877 92
6878 107
6879 104
6880 92
6881 104
6882 121
6883 97
6884 100
6885 118
6886 89
6887 99
6888 101
6889 117
6890 110
6891 107
6892 98
6893 90
6894 103
6895 91
6896 100
6897 81
6898 92
6899 109
6900 98
6901 101
6902 122
6903 103
6904 104
6905 103
6906 116
6907 94
6908 99
6909 104
6910 108
6911 109
6912 96
6913 102
6914 108
6915 93
6916 105
6917 103
6918 99
6919 92
6920 97
6921 103
6922 90
6923 107
6924 96
6925 93
6926 103
6927 108
6928 101
6929 94
6930 112
6931 86
6932 98
6933 91
6934 86
6935 105
6936 102
6937 108
6938 111
6939 95
6940 116
6941 111
6942 100
6943 101
6944 118
6945 107
6946 101
6947 100
6948 98
6949 102
6950 114
6951 117
6952 118
6953 103
6954 84
6955 96
6956 98
6957 96
6958 93
6959 101
6960 103
6961 102
6962 95
6963 95
6964 106
6965 102
6966 101
6967 100
6968 94
6969 111
6970 101
6971 118
6972 123
6973 120
6974 107
6975 101
6976 103
6977 103
6978 98
6979 95
6980 101
6981 100
6982 99
6983 91
6984 96
6985 102
6986 91
6987 82
6988 96
6989 106
6990 90
6991 94
6992 96
6993 108
6994 102
6995 91
6996 119
6997 86
6998 104
6999 98
7000 89
7001 84
7002 102
7003 102
7004 103
7005 92
7006 92
7007 90
7008 117
7009 104
7010 102
7011 99
7012 85
7013 96
7014 78
7015 88
7016 117
7017 90
7018 107
7019 92
7020 118
7021 96
7022 110
7023 114
7024 90
7025 108
7026 111
7027 102
7028 103
7029 106
7030 94
7031 91
7032 99
7033 85
7034 100
7035 107
7036 107
7037 90
7038 100
7039 96
7040 119
7041 95
7042 109
7043 107
7044 89
7045 94
7046 95
7047 90
7048 101
7049 86
7050 98
7051 102
7052 108
7053 92
7054 107
7055 106
7056 105
7057 93
7058 111
7059 114
7060 91
7061 89
7062 91
7063 112
7064 100
7065 88
7066 103
7067 96
7068 79
7069 102
7070 93
7071 120
7072 96
7073 112
7074 106
7075 105
7076 109
7077 104
7078 104
7079 100
7080 93
7081 98
7082 89
7083 91
7084 96
7085 105
7086 86
7087 108
7088 99
7089 120
7090 104
7091 97
7092 105
7093 94
7094 98
7095 81
7096 82
7097 105
7098 93
7099 98
7100 109
7101 108
7102 95
7103 80
7104 102
7105 90
7106 122
7107 81
7108 92
7109 113
7110 101
7111 97
7112 101
7113 100
7114 86
7115 88
7116 93
7117 111
7118 106
7119 92
7120 106
7121 116
7122 85
7123 116
7124 95
7125 100
7126 112
7127 124
7128 89
7129 93
7130 118
7131 95
7132 100
7133 93
7134 94
7135 98
7136 88
7137 105
7138 93
7139 90
7140 111
7141 102
7142 103
7143 104
7144 95
7145 107
7146 91
7147 93
7148 108
7149 103
7150 97
7151 104
7152 116
7153 109
7154 96
7155 105
7156 119
7157 93
7158 104
7159 108
7160 102
7161 118
7162 107
7163 106
7164 121
7165 89
7166 104
7167 101
7168 111
7169 87
7170 90
7171 118
7172 103
7173 122
7174 99
7175 107
7176 105
7177 94
7178 82
7179 98
7180 95
7181 104
7182 102
7183 104
7184 75
7185 117
7186 92
7187 89
7188 102
7189 93
7190 108
7191 98
7192 110
7193 98
7194 101
7195 98
7196 101
7197 104
7198 77
7199 100
7200 110
7201 106
7202 92
7203 111
7204 101
7205 86
7206 122
7207 103
7208 111
7209 92
7210 106
7211 86
7212 113
7213 99
7214 85
7215 96
7216 94
7217 90
7218 97
7219 92
7220 85
7221 104
7222 87
7223 99
7224 98
7225 112
7226 100
7227 88
7228 111
7229 106
7230 92
7231 116
7232 109
7233 96
7234 97
7235 100
7236 90
7237 88
7238 127
7239 84
7240 102
7241 103
7242 86
7243 84
7244 90
7245 101
7246 124
7247 109
7248 94
7249 112
7250 108
7251 105
7252 110
7253 80
7254 93
7255 103
7256 97
7257 101
7258 83
7259 105
7260 79
7261 110
7262 108
7263 105
7264 96
7265 117
7266 102
7267 103
7268 89
7269 114
7270 105
7271 99
7272 78
7273 85
7274 85
7275 101
7276 97
7277 88
7278 110
7279 105
7280 112
7281 117
7282 107
7283 99
7284 82
7285 91
7286 108
7287 90
7288 107
7289 87
7290 99
7291 91
7292 102
7293 81
7294 107
7295 97
7296 98
7297 120
7298 90
7299 87
7300 125
7301 100
7302 117
7303 94
7304 100
7305 94
7306 88
7307 96
7308 94
7309 99
7310 97
7311 104
7312 81
7313 103
7314 98
7315 91
7316 89
7317 95
7318 98
7319 105
7320 112
7321 90
7322 91
7323 109
7324 110
7325 115
7326 111
7327 97
7328 88
7329 96
7330 111
7331 98
7332 122
7333 98
7334 86
7335 95
7336 106
7337 101
7338 98
7339 95
7340 96
7341 110
7342 94
7343 86
7344 93
7345 100
7346 104
7347 95
7348 84
7349 106
7350 100
7351 101
7352 105
7353 105
7354 77
7355 96
7356 83
7357 105
7358 92
7359 106
7360 102
7361 105
7362 109
7363 84
7364 107
7365 101
7366 81
7367 105
7368 86
7369 100
7370 107
7371 104
7372 107
7373 91
7374 88
7375 106
7376 97
7377 93
7378 88
7379 112
7380 99
7381 90
7382 91
7383 110
7384 111
7385 84
7386 110
7387 90
7388 89
7389 94
7390 97
7391 101
7392 109
7393 94
7394 91
7395 106
7396 106
7397 95
7398 117
7399 106
7400 106
7401 82
7402 89
7403 105
7404 97
7405 93
7406 94
7407 106
7408 108
7409 88
7410 78
7411 108
7412 105
7413 112
7414 105
7415 110
7416 94
7417 100
7418 98
7419 117
7420 97
7421 99
7422 85
7423 102
7424 128
7425 87
7426 83
7427 106
7428 93
7429 110
7430 94
7431 98
7432 106
7433 109
7434 97
7435 99
7436 106
7437 103
7438 109
7439 107
7440 98
7441 96
7442 101
7443 85
7444 100
7445 91
7446 90
7447 103
7448 97
7449 94
7450 103
7451 99
7452 118
7453 114
7454 102
7455 86
7456 91
7457 87
7458 93
7459 90
7460 86
7461 107
7462 106
7463 90
7464 112
7465 107
7466 119
7467 88
7468 87
7469 84
7470 77
7471 104
7472 80
7473 107
7474 87
7475 99
7476 97
7477 97
7478 84
7479 97
7480 103
7481 77
7482 81
7483 119
7484 111
7485 95
7486 102
7487 91
7488 99
7489 106
7490 100
7491 109
7492 118
7493 89
7494 106
7495 109
7496 103
7497 86
7498 107
7499 109
7500 106
7501 113
7502 119
7503 91
7504 91
7505 108
7506 88
7507 113
7508 103
7509 103
7510 120
7511 111
7512 97
7513 99
7514 96
7515 104
7516 106
7517 98
7518 118
7519 104
7520 110
7521 93
7522 111
7523 88
7524 107
7525 101
7526 96
7527 86
7528 107
7529 98
7530 87
7531 95
7532 95
7533 87
7534 97
7535 96
7536 90
7537 118
7538 120
7539 105
7540 84
7541 110
7542 108
7543 102
7544 89
7545 87
7546 100
7547 87
7548 97
7549 116
7550 114
7551 97
7552 105
7553 108
7554 114
7555 98
7556 84
7557 105
7558 121
7559 110
7560 111
7561 97
7562 91
7563 106
7564 107
7565 100
7566 123
7567 108
7568 98
7569 92
7570 108
7571 106
7572 109
7573 128
7574 114
7575 98
7576 105
7577 109
7578 98
7579 102
7580 105
7581 113
7582 106
7583 99
7584 111
7585 98
7586 81
7587 111
7588 95
7589 89
7590 102
7591 124
7592 113
7593 104
7594 82
7595 102
7596 93
7597 104
7598 101
7599 99
7600 95
7601 87
7602 90
7603 109
7604 110
7605 97
7606 106
7607 106
7608 117
7609 81
7610 115
7611 105
7612 105
7613 101
7614 112
7615 113
7616 88
7617 93
7618 91
7619 104
7620 93
7621 98
7622 88
7623 100
7624 108
7625 100
7626 103
7627 92
7628 122
7629 108
7630 88
7631 96
7632 91
7633 107
7634 107
7635 93
7636 121
7637 87
7638 97
7639 96
7640 89
7641 102
7642 107
7643 97
7644 88
7645 87
7646 120
7647 129
7648 120
7649 106
7650 99
7651 95
7652 100
7653 118
7654 100
7655 100
7656 118
7657 91
7658 102
7659 105
7660 123
7661 96
7662 90
7663 71
7664 112
7665 102
7666 93
7667 94
7668 98
7669 99
7670 90
7671 99
7672 95
7673 121
7674 111
7675 83
7676 93
7677 95
7678 105
7679 113
7680 101
7681 86
7682 91
7683 119
7684 104
7685 87
7686 88
7687 99
7688 95
7689 93
7690 77
7691 102
7692 117
7693 91
7694 106
7695 101
7696 92
7697 92
7698 103
7699 84
7700 111
7701 100
7702 109
7703 107
7704 89
7705 102
7706 90
7707 102
7708 101
7709 98
7710 104
7711 107
7712 107
7713 103
7714 102
7715 80
7716 85
7717 104
7718 91
7719 100
7720 95
7721 111
7722 104
7723 101
7724 86
7725 100
7726 120
7727 101
7728 85
7729 96
7730 109
7731 107
7732 113
7733 103
7734 101
7735 102
7736 119
7737 90
7738 107
7739 99
7740 109
7741 112
7742 103
7743 83
7744 91
7745 104
7746 106
7747 119
7748 94
7749 89
7750 89
7751 108
7752 98
7753 99
7754 125
7755 109
7756 91
7757 88
7758 111
7759 88
7760 92
7761 106
7762 95
7763 104
7764 100
7765 110
7766 103
7767 93
7768 101
7769 86
7770 89
7771 77
7772 107
7773 106
7774 98
7775 83
7776 116
7777 102
7778 90
7779 101
7780 93
7781 105
7782 103
7783 84
7784 95
7785 113
7786 97
7787 103
7788 90
7789 97
7790 106
7791 98
7792 102
7793 91
7794 105
7795 96
7796 105
7797 92
7798 112
7799 106
7800 98
7801 116
7802 117
7803 102
7804 93
7805 98
7806 98
7807 91
7808 101
7809 94
7810 103
7811 109
7812 101
7813 93
7814 90
7815 108
7816 97
7817 88
7818 103
7819 90
7820 99
7821 90
7822 84
7823 115
7824 82
7825 83
7826 101
7827 97
7828 84
7829 88
7830 99
7831 87
7832 93
7833 103
7834 114
7835 107
7836 112
7837 95
7838 113
7839 90
7840 97
7841 104
7842 100
7843 91
7844 108
7845 105
7846 77
7847 103
7848 106
7849 105
7850 94
7851 113
7852 100
7853 112
7854 89
7855 86
7856 100
7857 97
7858 112
7859 103
7860 93
7861 121
7862 100
7863 110
7864 86
7865 88
7866 94
7867 98
7868 96
7869 86
7870 88
7871 106
7872 112
7873 94
7874 108
7875 108
7876 103
7877 90
7878 83
7879 120
7880 124
7881 103
7882 95
7883 102
7884 102
7885 86
7886 91
7887 110
7888 111
7889 89
7890 109
7891 91
7892 100
7893 100
7894 99
7895 96
7896 106
7897 82
7898 97
7899 93
7900 103
7901 97
7902 96
7903 91
7904 107
7905 98
7906 89
7907 104
7908 89
7909 75
7910 118
7911 96
7912 109
7913 94
7914 94
7915 107
7916 85
7917 88
7918 103
7919 116
7920 89
7921 87
7922 113
7923 95
7924 80
7925 95
7926 112
7927 109
7928 122
7929 110
7930 94
7931 107
7932 82
7933 97
7934 111
7935 126
7936 108
7937 100
7938 104
7939 108
7940 100
7941 116
7942 98
7943 98
7944 96
7945 100
7946 92
7947 96
7948 97
7949 123
7950 89
7951 124
7952 105
7953 110
7954 94
7955 90
7956 87
7957 86
7958 113
7959 93
7960 89
7961 97
7962 81
7963 100
7964 97
7965 93
7966 100
7967 113
7968 89
7969 92
7970 91
7971 99
7972 101
7973 102
7974 117
7975 106
7976 108
7977 95
7978 102
7979 103
7980 119
7981 96
7982 107
7983 98
7984 88
7985 95
7986 105
7987 107
7988 87
7989 80
7990 99
7991 115
7992 115
7993 124
7994 102
7995 100
7996 98
7997 90
7998 101
7999 91
8000 99
8001 103
8002 93
8003 107
8004 121
8005 98
8006 107
8007 87
8008 115
8009 100
8010 111
8011 96
8012 101
8013 101
8014 105
8015 100
8016 95
8017 108
8018 98
8019 101
8020 109
8021 101
8022 94
8023 91
8024 115
8025 108
8026 98
8027 107
8028 123
8029 102
8030 94
8031 96
8032 85
8033 94
8034 86
8035 102
8036 93
8037 97
8038 103
8039 107
8040 117
8041 108
8042 75
8043 103
8044 102
8045 96
8046 86
8047 100
8048 112
8049 108
8050 88
8051 107
8052 105
8053 95
8054 83
8055 107
8056 104
8057 82
8058 103
8059 87
8060 111
8061 94
8062 77
8063 107
8064 114
8065 90
8066 120
8067 93
8068 94
8069 96
8070 96
8071 95
8072 96
8073 96
8074 111
8075 115
8076 97
8077 112
8078 104
8079 89
8080 91
8081 97
8082 92
8083 76
8084 90
8085 87
8086 113
8087 104
8088 94
8089 108
8090 107
8091 85
8092 107
8093 127
8094 102
8095 106
8096 118
8097 83
8098 109
8099 101
8100 103
8101 121
8102 101
8103 95
8104 115
8105 90
8106 96
8107 93
8108 118
8109 96
8110 89
8111 116
8112 93
8113 109
8114 107
8115 99
8116 90
8117 104
8118 98
8119 100
8120 93
8121 91
8122 94
8123 104
8124 116
8125 87
8126 102
8127 98
8128 96
8129 96
8130 110
8131 105
8132 103
8133 94
8134 100
8135 117
8136 91
8137 104
8138 108
8139 103
8140 105
8141 110
8142 102
8143 94
8144 93
8145 99
8146 107
8147 82
8148 102
8149 98
8150 97
8151 108
8152 102
8153 89
8154 108
8155 90
8156 117
8157 94
8158 101
8159 96
8160 90
8161 85
8162 101
8163 100
8164 99
8165 88
8166 105
8167 104
8168 120
8169 93
8170 101
8171 108
8172 106
8173 94
8174 109
8175 96
8176 87
8177 98
8178 99
8179 99
8180 103
8181 113
8182 90
8183 94
8184 103
8185 115
8186 104
8187 93
8188 90
8189 92
8190 92
8191 88
8192 97
8193 94
8194 94
8195 101
8196 99
8197 104
8198 113
8199 102
8200 96
8201 125
8202 100
8203 100
8204 94
8205 104
8206 113
8207 104
8208 104
8209 110
8210 112
8211 105
8212 87
8213 77
8214 72
8215 101
8216 106
8217 115
8218 93
8219 99
8220 89
8221 96
8222 104
8223 97
8224 113
8225 113
8226 91
8227 95
8228 95
8229 103
8230 105
8231 116
8232 87
8233 100
8234 99
8235 103
8236 98
8237 88
8238 97
8239 96
8240 108
8241 104
8242 110
8243 92
8244 92
8245 88
8246 107
8247 95
8248 100
8249 104
8250 97
8251 93
8252 112
8253 98
8254 113
8255 88
8256 83
8257 92
8258 91
8259 103
8260 90
8261 108
8262 93
8263 112
8264 92
8265 93
8266 110
8267 106
8268 99
8269 104
8270 95
8271 102
8272 118
8273 94
8274 86
8275 109
8276 97
8277 91
8278 122
8279 93
8280 113
8281 88
8282 114
8283 112
8284 93
8285 112
8286 98
8287 84
8288 105
8289 104
8290 102
8291 117
8292 84
8293 116
8294 86
8295 99
8296 94
8297 101
8298 104
8299 114
8300 105
8301 114
8302 106
8303 102
8304 109
8305 102
8306 102
8307 102
8308 103
8309 115
8310 101
8311 100
8312 107
8313 86
8314 104
8315 85
8316 111
8317 107
8318 107
8319 110
8320 101
8321 105
8322 95
8323 108
8324 97
8325 102
8326 98
8327 106
8328 104
8329 115
8330 107
8331 107
8332 96
8333 104
8334 99
8335 95
8336 94
8337 113
8338 114
8339 111
8340 101
8341 98
8342 112
8343 72
8344 87
8345 113
8346 112
8347 96
8348 85
8349 111
8350 90
8351 83
8352 91
8353 96
8354 79
8355 105
8356 111
8357 96
8358 87
8359 101
8360 97
8361 103
8362 92
8363 90
8364 101
8365 112
8366 98
8367 101
8368 117
8369 111
8370 96
8371 100
8372 100
8373 124
8374 104
8375 114
8376 97
8377 100
8378 101
8379 88
8380 87
8381 106
8382 101
8383 94
8384 120
8385 99
8386 94
8387 107
8388 105
8389 100
8390 106
8391 101
8392 87
8393 101
8394 87
8395 111
8396 99
8397 102
8398 91
8399 103
8400 119
8401 108
8402 90
8403 100
8404 101
8405 92
8406 103
8407 82
8408 82
8409 94
8410 102
8411 106
8412 86
8413 100
8414 105
8415 93
8416 95
8417 88
8418 89
8419 81
8420 93
8421 85
8422 85
8423 90
8424 107
8425 90
8426 99
8427 105
8428 101
8429 100
8430 96
8431 96
8432 100
8433 94
8434 99
8435 95
8436 94
8437 92
8438 89
8439 95
8440 92
8441 106
8442 92
8443 100
8444 98
8445 103
8446 114
8447 92
8448 103
8449 100
8450 92
8451 77
8452 111
8453 91
8454 93
8455 97
8456 102
8457 108
8458 110
8459 104
8460 76
8461 115
8462 110
8463 98
8464 95
8465 105
8466 101
8467 88
8468 92
8469 94
8470 98
8471 102
8472 96
8473 101
8474 82
8475 102
8476 94
8477 96
8478 106
8479 99
8480 96
8481 95
8482 112
8483 99
8484 109
8485 109
8486 106
8487 115
8488 102
8489 101
8490 104
8491 117
8492 88
8493 114
8494 92
8495 93
8496 95
8497 107
8498 104
8499 103
8500 124
8501 102
8502 97
8503 98
8504 83
8505 90
8506 102
8507 97
8508 102
8509 98
8510 113
8511 105
8512 115
8513 102
8514 105
8515 97
8516 100
8517 105
8518 100
8519 113
8520 100
8521 102
8522 94
8523 99
8524 119
8525 105
8526 103
8527 104
8528 97
8529 96
8530 93
8531 96
8532 105
8533 82
8534 102
8535 116
8536 99
8537 119
8538 99
8539 87
8540 86
8541 78
8542 103
8543 98
8544 93
8545 103
8546 107
8547 98
8548 108
8549 112
8550 106
8551 103
8552 111
8553 103
8554 112
8555 112
8556 113
8557 118
8558 110
8559 107
8560 112
8561 83
8562 84
8563 97
8564 91
8565 102
8566 111
8567 106
8568 94
8569 107
8570 93
8571 97
8572 106
8573 107
8574 102
8575 101
8576 87
8577 93
8578 106
8579 103
8580 103
8581 101
8582 95
8583 90
8584 103
8585 102
8586 95
8587 119
8588 103
8589 106
8590 108
8591 107
8592 106
8593 91
8594 78
8595 113
8596 95
8597 103
8598 102
8599 103
8600 94
8601 104
8602 100
8603 102
8604 125
8605 90
8606 109
8607 81
8608 86
8609 89
8610 92
8611 109
8612 119
8613 121
8614 111
8615 113
8616 85
8617 97
8618 91
8619 113
8620 85
8621 110
8622 120
8623 97
8624 103
8625 96
8626 102
8627 83
8628 81
8629 74
8630 115
8631 72
8632 97
8633 93
8634 102
8635 91
8636 109
8637 100
8638 118
8639 94
8640 110
8641 106
8642 100
8643 101
8644 109
8645 98
8646 96
8647 117
8648 123
8649 108
8650 95
8651 86
8652 80
8653 90
8654 114
8655 92
8656 104
8657 107
8658 90
8659 100
8660 90
8661 103
8662 97
8663 104
8664 89
8665 101
8666 94
8667 100
8668 88
8669 101
8670 99
8671 95
8672 97
8673 82
8674 91
8675 109
8676 117
8677 87
8678 99
8679 98
8680 88
8681 92
8682 103
8683 94
8684 102
8685 96
8686 92
8687 115
8688 95
8689 86
8690 109
8691 100
8692 108
8693 108
8694 84
8695 104
8696 94
8697 98
8698 109
8699 104
8700 104
8701 92
8702 96
8703 115
8704 105
8705 98
8706 109
8707 95
8708 94
8709 98
8710 85
8711 98
8712 89
8713 105
8714 99
8715 85
8716 112
8717 103
8718 104
8719 106
8720 112
8721 101
8722 105
8723 96
8724 107
8725 129
8726 102
8727 93
8728 128
8729 90
8730 102
8731 98
8732 85
8733 103
8734 93
8735 86
8736 118
8737 115
8738 111
8739 97
8740 106
8741 108
8742 118
8743 120
8744 109
8745 96
8746 113
8747 86
8748 114
8749 88
8750 97
8751 114
8752 109
8753 101
8754 96
8755 114
8756 93
8757 109
8758 80
8759 93
8760 92
8761 112
8762 97
8763 92
8764 96
8765 112
8766 94
8767 82
8768 95
8769 87
8770 96
8771 88
8772 108
8773 94
8774 138
8775 93
8776 99
8777 97
8778 81
8779 96
8780 79
8781 86
8782 99
8783 96
8784 92
8785 105
8786 96
8787 93
8788 90
8789 111
8790 88
8791 101
8792 98
8793 86
8794 130
8795 95
8796 85
8797 95
8798 111
8799 88
8800 107
8801 96
8802 89
8803 91
8804 94
8805 102
8806 107
8807 109
8808 113
8809 92
8810 105
8811 117
8812 75
8813 96
8814 76
8815 100
8816 100
8817 97
8818 110
8819 99
8820 85
8821 105
8822 89
8823 106
8824 99
8825 94
8826 93
8827 90
8828 98
8829 91
8830 95
8831 107
8832 86
8833 96
8834 126
8835 79
8836 101
8837 89
8838 103
8839 90
8840 100
8841 122
8842 87
8843 119
8844 94
8845 84
8846 95
8847 101
8848 109
8849 99
8850 102
8851 84
8852 94
8853 97
8854 111
8855 110
8856 113
8857 91
8858 108
8859 108
8860 115
8861 124
8862 104
8863 105
8864 113
8865 121
8866 85
8867 97
8868 82
8869 102
8870 88
8871 116
8872 88
8873 107
8874 113
8875 103
8876 95
8877 128
8878 90
8879 103
8880 105
8881 115
8882 89
8883 92
8884 107
8885 90
8886 110
8887 118
8888 105
8889 106
8890 87
8891 104
8892 80
8893 90
8894 75
8895 99
8896 90
8897 105
8898 99
8899 103
8900 109
8901 111
8902 108
8903 105
8904 103
8905 103
8906 92
8907 92
8908 115
8909 85
8910 90
8911 104
8912 109
8913 107
8914 103
8915 99
8916 87
8917 104
8918 107
8919 102
8920 98
8921 101
8922 91
8923 95
8924 98
8925 95
8926 109
8927 105
8928 94
8929 79
8930 98
8931 87
8932 94
8933 107
8934 84
8935 120
8936 99
8937 88
8938 109
8939 115
8940 99
8941 89
8942 109
8943 100
8944 91
8945 104
8946 107
8947 94
8948 86
8949 108
8950 99
8951 113
8952 83
8953 96
8954 93
8955 104
8956 101
8957 95
8958 100
8959 103
8960 105
8961 89
8962 98
8963 83
8964 120
8965 83
8966 91
8967 113
8968 115
8969 98
8970 85
8971 98
8972 89
8973 73
8974 102
8975 102
8976 86
8977 115
8978 90
8979 83
8980 104
8981 101
8982 111
8983 90
8984 95
8985 91
8986 116
8987 96
8988 104
8989 104
8990 92
8991 97
8992 97
8993 88
8994 93
8995 100
8996 86
8997 107
8998 89
8999 98
9000 113
9001 117
9002 107
9003 87
9004 101
9005 106
9006 90
9007 117
9008 90
9009 101
9010 105
9011 86
9012 99
9013 118
9014 95
9015 93
9016 100
9017 98
9018 87
9019 96
9020 93
9021 90
9022 117
9023 101
9024 110
9025 120
9026 88
9027 101
9028 132
9029 101
9030 119
9031 99
9032 106
9033 90
9034 105
9035 114
9036 98
9037 103
9038 107
9039 96
9040 113
9041 101
9042 105
9043 92
9044 91
9045 84
9046 91
9047 117
9048 96
9049 99
9050 106
9051 100
9052 100
9053 108
9054 110
9055 104
9056 85
9057 94
9058 97
9059 97
9060 113
9061 103
9062 97
9063 99
9064 106
9065 123
9066 92
9067 95
9068 111
9069 101
9070 97
9071 83
9072 93
9073 96
9074 89
9075 95
9076 96
9077 136
9078 89
9079 106
9080 111
9081 103
9082 109
9083 97
9084 91
9085 86
9086 92
9087 79
9088 86
9089 99
9090 96
9091 93
9092 124
9093 105
9094 100
9095 104
9096 118
9097 96
9098 98
9099 107
9100 96
9101 95
9102 94
9103 101
9104 126
9105 93
9106 100
9107 93
9108 117
9109 110
9110 109
9111 97
9112 108
9113 101
9114 101
9115 110
9116 91
9117 96
9118 93
9119 98
9120 103
9121 121
9122 96
9123 102
9124 100
9125 84
9126 82
9127 100
9128 88
9129 83
9130 97
9131 104
9132 106
9133 111
9134 103
9135 102
9136 100
9137 99
9138 106
9139 88
9140 118
9141 85
9142 86
9143 106
9144 101
9145 95
9146 99
9147 112
9148 103
9149 103
9150 101
9151 104
9152 95
9153 96
9154 115
9155 91
9156 97
9157 101
9158 119
9159 91
9160 121
9161 97
9162 110
9163 96
9164 113
9165 109
9166 109
9167 100
9168 100
9169 103
9170 105
9171 110
9172 92
9173 83
9174 93
9175 113
9176 94
9177 93
9178 97
9179 110
9180 104
9181 113
9182 90
9183 92
9184 99
9185 104
9186 120
9187 88
9188 87
9189 101
9190 118
9191 101
9192 107
9193 105
9194 127
9195 100
9196 112
9197 113
9198 94
9199 94
9200 85
9201 105
9202 120
9203 87
9204 85
9205 105
9206 92
9207 109
9208 92
9209 90
9210 101
9211 101
9212 99
9213 97
9214 97
9215 94
9216 94
9217 82
9218 103
9219 99
9220 103
9221 104
9222 101
9223 108
9224 103
9225 110
9226 98
9227 103
9228 94
9229 101
9230 89
9231 109
9232 114
9233 82
9234 113
9235 110
9236 92
9237 102
9238 103
9239 101
9240 95
9241 91
9242 100
9243 91
9244 100
9245 105
9246 108
9247 89
9248 95
9249 109
9250 114
9251 92
9252 102
9253 93
9254 89
9255 105
9256 104
9257 90
9258 114
9259 94
9260 107
9261 100
9262 98
9263 92
9264 110
9265 103
9266 99
9267 114
9268 99
9269 109
9270 99
9271 106
9272 103
9273 121
9274 103
9275 97
9276 108
9277 114
9278 101
9279 89
9280 101
9281 106
9282 108
9283 105
9284 98
9285 108
9286 108
9287 115
9288 108
9289 107
9290 112
9291 95
9292 103
9293 91
9294 106
9295 90
9296 110
9297 110
9298 102
9299 110
9300 98
9301 91
9302 99
9303 108
9304 89
9305 102
9306 106
9307 98
9308 96
9309 123
9310 103
9311 87
9312 107
9313 93
9314 93
9315 104
9316 97
9317 99
9318 98
9319 105
9320 107
9321 108
9322 94
9323 95
9324 116
9325 103
9326 115
9327 94
9328 94
9329 89
9330 98
9331 109
9332 95
9333 103
9334 93
9335 101
9336 112
9337 104
9338 96
9339 102
9340 105
9341 98
9342 99
9343 91
9344 109
9345 117
9346 102
9347 107
9348 88
9349 111
9350 101
9351 112
9352 104
9353 113
9354 97
9355 121
9356 106
9357 101
9358 89
9359 108
9360 110
9361 107
9362 109
9363 92
9364 104
9365 95
9366 100
9367 101
9368 97
9369 85
9370 96
9371 89
9372 108
9373 105
9374 95
9375 96
9376 103
9377 99
9378 92
9379 106
9380 91
9381 105
9382 99
9383 110
9384 100
9385 112
9386 97
9387 95
9388 104
9389 96
9390 112
9391 96
9392 103
9393 116
9394 100
9395 105
9396 106
9397 115
9398 85
9399 121
9400 99
9401 96
9402 89
9403 100
9404 113
9405 101
9406 98
9407 114
9408 92
9409 97
9410 106
9411 79
9412 82
9413 87
9414 106
9415 98
9416 84
9417 103
9418 107
9419 101
9420 93
9421 88
9422 99
9423 85
9424 116
9425 104
9426 100
9427 105
9428 92
9429 100
9430 97
9431 88
9432 108
9433 91
9434 101
9435 106
9436 99
9437 95
9438 119
9439 115
9440 100
9441 101
9442 69
9443 98
9444 96
9445 74
9446 91
9447 105
9448 111
9449 104
9450 112
9451 107
9452 85
9453 91
9454 77
9455 100
9456 99
9457 104
9458 98
9459 106
9460 103
9461 90
9462 106
9463 86
9464 85
9465 110
9466 107
9467 105
9468 104
9469 85
9470 97
9471 86
9472 96
9473 90
9474 106
9475 91
9476 128
9477 102
9478 95
9479 98
9480 89
9481 105
9482 84
9483 99
9484 99
9485 93
9486 105
9487 110
9488 111
9489 95
9490 111
9491 104
9492 98
9493 104
9494 104
9495 111
9496 93
9497 113
9498 85
9499 89
9500 92
9501 95
9502 112
9503 89
9504 104
9505 102
9506 111
9507 83
9508 102
9509 89
9510 95
9511 111
9512 90
9513 105
9514 108
9515 94
9516 91
9517 94
9518 96
9519 111
9520 84
9521 102
9522 100
9523 123
9524 91
9525 111
9526 97
9527 103
9528 106
9529 109
9530 112
9531 100
9532 114
9533 96
9534 100
9535 94
9536 114
9537 101
9538 88
9539 111
9540 108
9541 106
9542 90
9543 113
9544 100
9545 94
9546 84
9547 108
9548 94
9549 108
9550 86
9551 101
9552 99
9553 109
9554 105
9555 97
9556 94
9557 96
9558 102
9559 94
9560 103
9561 107
9562 94
9563 80
9564 100
9565 90
9566 103
9567 111
9568 114
9569 111
9570 89
9571 100
9572 96
9573 118
9574 85
9575 111
9576 105
9577 89
9578 100
9579 103
9580 118
9581 97
9582 98
9583 89
9584 94
9585 92
9586 91
9587 86
9588 94
9589 86
9590 127
9591 99
9592 112
9593 104
9594 107
9595 87
9596 89
9597 97
9598 94
9599 101
9600 104
9601 118
9602 105
9603 92
9604 101
9605 82
9606 103
9607 94
9608 79
9609 97
9610 101
9611 89
9612 84
9613 85
9614 98
9615 88
9616 106
9617 110
9618 120
9619 97
9620 99
9621 104
9622 105
9623 89
9624 111
9625 109
9626 100
9627 107
9628 106
9629 91
9630 93
9631 92
9632 108
9633 78
9634 126
9635 94
9636 94
9637 92
9638 81
9639 100
9640 90
9641 94
9642 95
9643 92
9644 96
9645 99
9646 106
9647 100
9648 114
9649 88
9650 104
9651 100
9652 104
9653 109
9654 118
9655 95
9656 102
9657 113
9658 103
9659 104
9660 107
9661 91
9662 110
9663 96
9664 96
9665 104
9666 82
9667 116
9668 103
9669 99
9670 108
9671 101
9672 95
9673 99
9674 104
9675 102
9676 110
9677 100
9678 95
9679 91
9680 102
9681 104
9682 87
9683 96
9684 98
9685 121
9686 113
9687 100
9688 90
9689 96
9690 82
9691 107
9692 114
9693 110
9694 80
9695 93
9696 112
9697 91
9698 118
9699 86
9700 98
9701 114
9702 82
9703 106
9704 95
9705 87
9706 103
9707 105
9708 119
9709 86
9710 83
9711 95
9712 120
9713 102
9714 103
9715 84
9716 90
9717 107
9718 84
9719 102
9720 86
9721 95
9722 115
9723 92
9724 113
9725 118
9726 80
9727 116
9728 96
9729 97
9730 96
9731 106
9732 92
9733 103
9734 96
9735 99
9736 92
9737 101
9738 102
9739 104
9740 100
9741 91
9742 87
9743 114
9744 92
9745 100
9746 86
9747 110
9748 92
9749 97
9750 107
9751 86
9752 91
9753 96
9754 104
9755 100
9756 91
9757 95
9758 94
9759 97
9760 102
9761 101
9762 107
9763 110
9764 91
9765 108
9766 85
9767 118
9768 89
9769 97
9770 113
9771 90
9772 93
9773 103
9774 111
9775 87
9776 115
9777 100
9778 104
9779 99
9780 99
9781 110
9782 108
9783 98
9784 98
9785 105
9786 108
9787 94
9788 104
9789 96
9790 87
9791 93
9792 112
9793 92
9794 95
9795 114
9796 102
9797 108
9798 97
9799 97
9800 96
9801 84
9802 100
9803 97
9804 94
9805 96
9806 111
9807 103
9808 99
9809 111
9810 95
9811 111
9812 101
9813 118
9814 108
9815 106
9816 107
9817 95
9818 106
9819 103
9820 113
9821 87
9822 83
9823 102
9824 118
9825 109
9826 97
9827 92
9828 106
9829 105
9830 99
9831 90
9832 118
9833 94
9834 97
9835 108
9836 104
9837 115
9838 85
9839 98
9840 97
9841 103
9842 122
9843 107
9844 114
9845 109
9846 98
9847 105
9848 88
9849 113
9850 102
9851 107
9852 86
9853 99
9854 102
9855 120
9856 91
9857 100
9858 105
9859 104
9860 103
9861 80
9862 92
9863 111
9864 87
9865 93
9866 100
9867 104
9868 121
9869 99
9870 116
9871 106
9872 116
9873 106
9874 99
9875 103
9876 105
9877 87
9878 92
9879 86
9880 66
9881 100
9882 101
9883 101
9884 98
9885 110
9886 106
9887 111
9888 106
9889 98
9890 109
9891 95
9892 100
9893 108
9894 107
9895 81
9896 92
9897 105
9898 107
9899 80
9900 109
9901 97
9902 86
9903 93
9904 110
9905 103
9906 98
9907 90
9908 76
9909 98
9910 106
9911 121
9912 120
9913 99
9914 99
9915 107
9916 96
9917 93
9918 114
9919 97
9920 98
9921 108
9922 98
9923 91
9924 93
9925 88
9926 93
9927 105
9928 97
9929 102
9930 89
9931 95
9932 105
9933 99
9934 78
9935 102
9936 86
9937 105
9938 115
9939 105
9940 92
9941 103
9942 90
9943 109
9944 99
9945 118
9946 89
9947 103
9948 108
9949 90
9950 105
9951 122
9952 89
9953 119
9954 87
9955 85
9956 111
9957 93
9958 107
9959 102
9960 91
9961 100
9962 111
9963 96
9964 94
9965 96
9966 89
9967 90
9968 91
9969 115
9970 107
9971 93
9972 119
9973 100
9974 100
9975 95
9976 98
9977 103
9978 88
9979 100
9980 100
9981 104
9982 90
9983 120
9984 112
9985 97
9986 127
9987 105
9988 92
9989 78
9990 99
9991 102
9992 77
9993 100
9994 96
9995 95
9996 92
9997 113
9998 97
9999 85
