0 121
1 76
2 83
3 106
4 100
5 102
6 77
7 115
8 101
9 90
10 113
11 89
12 83
13 81
14 142
15 89
16 99
17 83
18 120
19 89
20 82
21 96
22 88
23 92
24 97
25 121
26 82
27 98
28 126
29 96
30 107
31 90
32 140
33 87
34 103
35 86
36 124
37 91
38 103
39 129
40 96
41 73
42 96
43 131
44 91
45 106
46 115
47 85
48 97
49 81
50 138
51 100
52 87
53 105
54 117
55 101
56 76
57 120
58 87
59 95
60 82
61 122
62 99
63 96
64 84
65 105
66 104
67 71
68 120
69 95
70 69
71 88
72 115
73 88
74 93
75 115
76 92
77 89
78 89
79 129
80 97
81 101
82 109
83 117
84 76
85 108
86 119
87 61
88 114
89 90
90 130
91 94
92 95
93 118
94 80
95 84
96 86
97 127
98 96
99 99
100 82
101 132
102 98
103 96
104 117
105 86
106 88
107 88
108 98
109 87
110 96
111 112
112 95
113 96
114 77
115 136
116 95
117 108
118 101
119 126
120 98
121 89
122 95
123 77
124 84
125 93
126 118
127 96
128 86
129 101
130 110
131 96
132 89
133 121
134 91
135 100
136 96
137 119
138 83
139 79
140 110
141 81
142 84
143 101
144 100
145 81
146 96
147 92
148 131
149 96
150 96
151 127
152 68
153 97
154 88
155 111
156 94
157 88
158 108
159 75
160 100
161 80
162 124
163 94
164 85
165 93
166 114
167 87
168 102
169 122
170 96
171 80
172 117
173 109
174 111
175 91
176 113
177 109
178 111
179 110
180 128
181 75
182 101
183 101
184 99
185 78
186 105
187 139
188 80
189 94
190 95
191 126
192 87
193 82
194 103
195 140
196 116
197 88
198 129
199 107
200 92
201 98
202 126
203 95
204 87
205 112
206 94
207 87
208 93
209 120
210 100
211 101
212 89
213 108
214 103
215 97
216 122
217 90
218 91
219 103
220 121
221 84
222 90
223 122
224 101
225 99
226 100
227 110
228 87
229 88
230 89
231 137
232 95
233 94
234 116
235 89
236 87
237 97
238 114
239 100
240 78
241 96
242 97
243 91
244 98
245 101
246 90
247 94
248 108
249 126
250 92
251 87
252 123
253 89
254 85
255 98
256 121
257 84
258 95
259 103
260 126
261 89
262 78
263 116
264 92
265 84
266 86
267 125
268 91
269 110
270 126
271 92
272 95
273 82
274 130
275 84
276 98
277 102
278 126
279 106
280 95
281 134
282 100
283 89
284 92
285 119
286 89
287 94
288 108
289 108
290 92
291 94
292 127
293 96
294 100
295 97
296 138
297 96
298 86
299 128
300 85
301 101
302 117
303 117
304 94
305 98
306 77
307 126
308 90
309 70
310 109
311 92
312 85
313 89
314 121
315 86
316 105
317 140
318 100
319 94
320 112
321 132
322 84
323 81
324 106
325 139
326 75
327 84
328 119
329 86
330 94
331 96
332 122
333 89
334 86
335 112
336 95
337 90
338 105
339 126
340 77
341 95
342 98
343 128
344 89
345 104
346 128
347 89
348 93
349 81
350 127
351 78
352 85
353 106
354 104
355 81
356 85
357 134
358 69
359 74
360 97
361 118
362 85
363 89
364 138
365 94
366 102
367 90
368 107
369 86
370 82
371 97
372 112
373 95
374 95
375 116
376 98
377 80
378 89
379 112
380 97
381 89
382 132
383 107
384 91
385 118
386 115
387 87
388 94
389 94
390 114
391 75
392 105
393 117
394 98
395 87
396 108
397 116
398 80
399 85
400 80
401 134
402 106
403 78
404 145
405 93
406 100
407 93
408 124
409 92
410 92
411 134
412 92
413 95
414 76
415 119
416 83
417 86
418 87
419 125
420 92
421 108
422 125
423 92
424 85
425 113
426 126
427 87
428 79
429 126
430 91
431 96
432 86
433 118
434 84
435 86
436 79
437 133
438 105
439 91
440 122
441 107
442 96
443 81
444 137
445 102
446 102
447 128
448 72
449 102
450 86
451 109
452 95
453 94
454 94
455 117
456 93
457 89
458 136
459 95
460 98
461 90
462 144
463 98
464 87
465 93
466 115
467 120
468 95
469 113
470 88
471 95
472 109
473 127
474 104
475 76
476 118
477 84
478 93
479 86
480 106
481 79
482 108
483 91
484 133
485 84
486 88
487 128
488 106
489 81
490 95
491 122
492 91
493 93
494 119
495 92
496 94
497 111
498 118
499 96
500 103
501 92
502 109
503 93
504 94
505 108
506 108
507 82
508 102
509 123
510 106
511 99
512 87
513 122
514 114
515 92
516 112
517 95
518 93
519 93
520 128
521 82
522 89
523 133
524 86
525 113
526 83
527 134
528 84
529 76
530 91
531 110
532 92
533 75
534 113
535 79
536 86
537 99
538 116
539 93
540 85
541 133
542 98
543 91
544 75
545 138
546 91
547 101
548 88
549 130
550 94
551 89
552 109
553 86
554 76
555 91
556 132
557 96
558 100
559 118
560 83
561 87
562 111
563 123
564 89
565 96
566 80
567 109
568 88
569 81
570 104
571 95
572 107
573 94
574 117
575 87
576 81
577 93
578 120
579 81
580 79
581 105
582 105
583 85
584 92
585 111
586 77
587 87
588 120
589 97
590 88
591 92
592 116
593 90
594 85
595 104
596 124
597 97
598 84
599 102
600 92
601 72
602 84
603 104
604 95
605 85
606 125
607 77
608 69
609 80
610 119
611 86
612 88
613 99
614 116
615 112
616 92
617 112
618 88
619 75
620 82
621 145
622 87
623 92
624 77
625 127
626 93
627 98
628 114
629 86
630 79
631 99
632 139
633 89
634 87
635 110
636 107
637 113
638 87
639 111
640 79
641 86
642 108
643 127
644 109
645 89
646 120
647 92
648 98
649 111
650 120
651 92
652 85
653 89
654 89
655 116
656 104
657 128
658 92
659 86
660 91
661 142
662 100
663 99
664 120
665 109
666 85
667 93
668 127
669 109
670 99
671 105
672 93
673 76
674 97
675 134
676 98
677 82
678 91
679 127
680 96
681 88
682 127
683 89
684 92
685 76
686 105
687 87
688 97
689 82
690 114
691 100
692 93
693 129
694 84
695 93
696 91
697 119
698 83
699 94
700 105
701 88
702 75
703 88
704 120
705 101
706 100
707 92
708 125
709 80
710 91
711 134
712 103
713 107
714 93
715 115
716 80
717 124
718 125
719 91
720 89
721 93
722 111
723 92
724 95
725 99
726 137
727 93
728 93
729 113
730 90
731 84
732 87
733 128
734 93
735 81
736 125
737 91
738 96
739 99
740 113
741 90
742 87
743 94
744 132
745 83
746 99
747 125
748 93
749 99
750 81
751 118
752 89
753 102
754 96
755 128
756 88
757 86
758 115
759 89
760 88
761 80
762 130
763 78
764 92
765 125
766 81
767 93
768 96
769 116
770 102
771 100
772 74
773 129
774 79
775 101
776 112
777 86
778 94
779 95
780 108
781 91
782 73
783 123
784 91
785 94
786 95
787 128
788 95
789 85
790 86
791 119
792 96
793 85
794 138
795 75
796 97
797 84
798 118
799 98
800 79
801 86
802 115
803 88
804 103
805 117
806 102
807 87
808 95
809 120
810 102
811 104
812 141
813 87
814 96
815 91
816 129
817 82
818 99
819 88
820 116
821 87
822 98
823 150
824 74
825 85
826 84
827 147
828 97
829 80
830 135
831 89
832 98
833 88
834 117
835 85
836 101
837 81
838 123
839 106
840 97
841 124
842 92
843 96
844 96
845 101
846 76
847 93
848 132
849 96
850 89
851 96
852 112
853 74
854 83
855 87
856 145
857 83
858 82
859 121
860 75
861 86
862 101
863 127
864 93
865 109
866 88
867 117
868 102
869 87
870 119
871 90
872 99
873 103
874 122
875 92
876 80
877 141
878 85
879 98
880 86
881 119
882 94
883 103
884 81
885 121
886 97
887 103
888 144
889 93
890 77
891 99
892 133
893 95
894 103
895 138
896 72
897 91
898 81
899 128
900 88
901 102
902 97
903 113
904 98
905 92
906 116
907 83
908 101
909 91
910 118
911 93
912 86
913 111
914 127
915 85
916 96
917 128
918 90
919 96
920 93
921 106
922 103
923 89
924 112
925 97
926 96
927 84
928 106
929 99
930 81
931 97
932 127
933 95
934 97
935 106
936 82
937 79
938 82
939 128
940 98
941 85
942 114
943 103
944 88
945 83
946 116
947 105
948 99
949 91
950 129
951 99
952 90
953 122
954 77
955 96
956 80
957 121
958 105
959 95
960 141
961 96
962 93
963 100
964 106
965 103
966 86
967 80
968 133
969 89
970 80
971 123
972 99
973 91
974 103
975 117
976 85
977 88
978 84
979 121
980 95
981 96
982 122
983 95
984 89
985 87
986 135
987 82
988 72
989 115
990 103
991 90
992 80
993 132
994 89
995 96
996 89
997 124
998 74
999 90
1000 145
1001 93
1002 95
1003 94
1004 113
1005 78
1006 89
1007 123
1008 83
1009 76
1010 90
1011 106
1012 96
1013 103
1014 94
1015 140
1016 94
1017 79
1018 116
1019 81
1020 95
1021 103
1022 114
1023 100
1024 92
1025 102
1026 115
1027 89
1028 91
1029 118
1030 96
1031 90
1032 90
1033 136
1034 90
1035 101
1036 141
1037 82
1038 104
1039 91
1040 120
1041 104
1042 115
1043 81
1044 122
1045 91
1046 99
1047 126
1048 99
1049 85
1050 96
1051 123
1052 97
1053 85
1054 132
1055 89
1056 81
1057 92
1058 111
1059 101
1060 88
1061 125
1062 119
1063 77
1064 88
1065 125
1066 106
1067 79
1068 95
1069 109
1070 96
1071 88
1072 112
1073 102
1074 89
1075 93
1076 125
1077 95
1078 109
1079 91
1080 136
1081 81
1082 98
1083 126
1084 102
1085 96
1086 80
1087 126
1088 95
1089 81
1090 101
1091 124
1092 81
1093 96
1094 130
1095 81
1096 91
1097 105
1098 117
1099 84
1100 76
1101 110
1102 100
1103 90
1104 81
1105 101
1106 88
1107 92
1108 78
1109 129
1110 98
1111 110
1112 123
1113 98
1114 82
1115 94
1116 109
1117 86
1118 80
1119 141
1120 80
1121 76
1122 83
1123 120
1124 79
1125 83
1126 86
1127 115
1128 93
1129 90
1130 102
1131 96
1132 105
1133 82
1134 100
1135 95
1136 79
1137 101
1138 102
1139 88
1140 84
1141 139
1142 89
1143 81
1144 99
1145 102
1146 79
1147 83
1148 129
1149 94
1150 88
1151 88
1152 128
1153 80
1154 88
1155 94
1156 115
1157 94
1158 80
1159 103
1160 97
1161 97
1162 81
1163 123
1164 92
1165 81
1166 124
1167 95
1168 111
1169 92
1170 105
1171 86
1172 82
1173 97
1174 106
1175 84
1176 95
1177 126
1178 73
1179 110
1180 86
1181 114
1182 102
1183 79
1184 106
1185 90
1186 95
1187 97
1188 115
1189 103
1190 82
1191 104
1192 123
1193 87
1194 71
1195 107
1196 103
1197 92
1198 80
1199 138
1200 86
1201 92
1202 92
1203 115
1204 85
1205 96
1206 128
1207 72
1208 93
1209 96
1210 128
1211 95
1212 94
1213 112
1214 70
1215 92
1216 110
1217 127
1218 101
1219 99
1220 89
1221 145
1222 77
1223 81
1224 120
1225 90
1226 88
1227 93
1228 110
1229 96
1230 81
1231 107
1232 100
1233 108
1234 76
1235 134
1236 89
1237 90
1238 84
1239 114
1240 97
1241 83
1242 115
1243 99
1244 104
1245 89
1246 143
1247 122
1248 85
1249 93
1250 120
1251 104
1252 82
1253 112
1254 90
1255 96
1256 93
1257 115
1258 104
1259 90
1260 118
1261 75
1262 77
1263 92
1264 137
1265 87
1266 88
1267 82
1268 109
1269 81
1270 73
1271 107
1272 109
1273 88
1274 85
1275 126
1276 88
1277 84
1278 124
1279 85
1280 102
1281 77
1282 141
1283 102
1284 92
1285 90
1286 121
1287 91
1288 89
1289 145
1290 79
1291 104
1292 91
1293 140
1294 89
1295 88
1296 123
1297 96
1298 94
1299 104
1300 136
1301 91
1302 85
1303 84
1304 129
1305 112
1306 82
1307 124
1308 90
1309 89
1310 87
1311 115
1312 88
1313 102
1314 87
1315 141
1316 95
1317 91
1318 144
1319 92
1320 87
1321 82
1322 134
1323 83
1324 85
1325 128
1326 80
1327 84
1328 85
1329 122
1330 83
1331 89
1332 96
1333 129
1334 87
1335 67
1336 138
1337 90
1338 100
1339 84
1340 116
1341 85
1342 100
1343 118
1344 90
1345 101
1346 98
1347 114
1348 99
1349 94
1350 92
1351 122
1352 79
1353 81
1354 112
1355 87
1356 104
1357 90
1358 115
1359 101
1360 100
1361 125
1362 91
1363 91
1364 96
1365 129
1366 89
1367 108
1368 88
1369 122
1370 89
1371 100
1372 109
1373 79
1374 80
1375 88
1376 123
1377 92
1378 102
1379 94
1380 124
1381 81
1382 78
1383 113
1384 96
1385 69
1386 90
1387 134
1388 110
1389 99
1390 129
1391 90
1392 105
1393 99
1394 124
1395 74
1396 82
1397 93
1398 135
1399 80
1400 102
1401 130
1402 88
1403 97
1404 83
1405 124
1406 108
1407 98
1408 124
1409 96
1410 92
1411 80
1412 128
1413 106
1414 90
1415 87
1416 136
1417 82
1418 96
1419 140
1420 91
1421 95
1422 98
1423 140
1424 85
1425 86
1426 93
1427 117
1428 82
1429 99
1430 122
1431 69
1432 85
1433 84
1434 124
1435 84
1436 87
1437 147
1438 73
1439 83
1440 92
1441 134
1442 91
1443 100
1444 81
1445 121
1446 94
1447 81
1448 109
1449 102
1450 80
1451 88
1452 122
1453 87
1454 99
1455 114
1456 92
1457 92
1458 96
1459 131
1460 89
1461 93
1462 101
1463 113
1464 85
1465 114
1466 138
1467 85
1468 105
1469 95
1470 114
1471 91
1472 95
1473 112
1474 91
1475 86
1476 84
1477 113
1478 77
1479 79
1480 103
1481 127
1482 86
1483 94
1484 129
1485 85
1486 79
1487 102
1488 123
1489 77
1490 78
1491 98
1492 119
1493 86
1494 86
1495 131
1496 83
1497 98
1498 95
1499 106
1500 85
1501 91
1502 130
1503 84
1504 102
1505 87
1506 123
1507 90
1508 115
1509 79
1510 127
1511 91
1512 92
1513 128
1514 100
1515 95
1516 87
1517 122
1518 73
1519 82
1520 125
1521 95
1522 93
1523 74
1524 124
1525 81
1526 105
1527 110
1528 116
1529 111
1530 103
1531 118
1532 78
1533 89
1534 101
1535 100
1536 107
1537 92
1538 93
1539 137
1540 92
1541 92
1542 96
1543 95
1544 87
1545 76
1546 138
1547 83
1548 96
1549 124
1550 92
1551 78
1552 86
1553 116
1554 93
1555 97
1556 93
1557 122
1558 86
1559 99
1560 134
1561 97
1562 83
1563 89
1564 113
1565 100
1566 101
1567 122
1568 72
1569 92
1570 86
1571 142
1572 75
1573 95
1574 86
1575 111
1576 88
1577 76
1578 137
1579 95
1580 109
1581 80
1582 125
1583 109
1584 88
1585 132
1586 82
1587 85
1588 98
1589 104
1590 84
1591 85
1592 96
1593 116
1594 94
1595 92
1596 113
1597 87
1598 90
1599 98
1600 119
1601 94
1602 82
1603 86
1604 115
1605 92
1606 90
1607 107
1608 88
1609 80
1610 78
1611 130
1612 78
1613 87
1614 131
1615 81
1616 76
1617 95
1618 113
1619 81
1620 86
1621 94
1622 125
1623 104
1624 89
1625 101
1626 99
1627 92
1628 79
1629 124
1630 81
1631 91
1632 122
1633 93
1634 106
1635 91
1636 107
1637 90
1638 100
1639 97
1640 118
1641 80
1642 90
1643 121
1644 80
1645 93
1646 100
1647 133
1648 101
1649 91
1650 85
1651 126
1652 110
1653 96
1654 113
1655 76
1656 102
1657 100
1658 110
1659 104
1660 108
1661 114
1662 91
1663 91
1664 89
1665 146
1666 96
1667 94
1668 91
1669 95
1670 70
1671 102
1672 129
1673 78
1674 87
1675 87
1676 114
1677 81
1678 78
1679 98
1680 76
1681 114
1682 78
1683 124
1684 88
1685 90
1686 98
1687 117
1688 99
1689 91
1690 122
1691 89
1692 99
1693 87
1694 126
1695 88
1696 94
1697 104
1698 77
1699 92
1700 84
1701 126
1702 91
1703 97
1704 81
1705 130
1706 81
1707 76
1708 128
1709 96
1710 89
1711 98
1712 115
1713 74
1714 95
1715 89
1716 122
1717 94
1718 98
1719 110
1720 88
1721 94
1722 69
1723 133
1724 93
1725 82
1726 113
1727 90
1728 90
1729 105
1730 121
1731 100
1732 114
1733 85
1734 129
1735 100
1736 95
1737 131
1738 99
1739 89
1740 91
1741 120
1742 78
1743 80
1744 122
1745 107
1746 98
1747 109
1748 108
1749 83
1750 117
1751 93
1752 96
1753 94
1754 97
1755 130
1756 88
1757 78
1758 91
1759 113
1760 89
1761 93
1762 91
1763 117
1764 76
1765 81
1766 130
1767 93
1768 99
1769 94
1770 130
1771 99
1772 99
1773 121
1774 91
1775 73
1776 82
1777 128
1778 76
1779 91
1780 102
1781 116
1782 73
1783 87
1784 126
1785 94
1786 84
1787 97
1788 150
1789 114
1790 99
1791 141
1792 99
1793 82
1794 98
1795 129
1796 109
1797 104
1798 94
1799 114
1800 83
1801 88
1802 116
1803 80
1804 109
1805 102
1806 139
1807 72
1808 84
1809 133
1810 101
1811 83
1812 74
1813 136
1814 108
1815 95
1816 96
1817 122
1818 83
1819 99
1820 122
1821 87
1822 99
1823 103
1824 126
1825 82
1826 105
1827 95
1828 127
1829 84
1830 91
1831 110
1832 111
1833 89
1834 106
1835 145
1836 92
1837 88
1838 135
1839 104
1840 107
1841 89
1842 116
1843 92
1844 68
1845 94
1846 136
1847 108
1848 108
1849 133
1850 91
1851 80
1852 78
1853 127
1854 95
1855 103
1856 124
1857 101
1858 89
1859 91
1860 124
1861 111
1862 83
1863 89
1864 108
1865 80
1866 92
1867 114
1868 71
1869 106
1870 88
1871 101
1872 83
1873 86
1874 114
1875 118
1876 85
1877 97
1878 132
1879 86
1880 90
1881 79
1882 99
1883 92
1884 81
1885 123
1886 102
1887 95
1888 88
1889 113
1890 104
1891 91
1892 84
1893 127
1894 100
1895 73
1896 125
1897 99
1898 107
1899 91
1900 103
1901 97
1902 89
1903 113
1904 91
1905 86
1906 89
1907 114
1908 77
1909 82
1910 95
1911 120
1912 103
1913 87
1914 132
1915 85
1916 98
1917 99
1918 120
1919 94
1920 94
1921 130
1922 95
1923 102
1924 68
1925 136
1926 103
1927 79
1928 87
1929 141
1930 98
1931 101
1932 116
1933 93
1934 99
1935 85
1936 122
1937 86
1938 80
1939 93
1940 130
1941 102
1942 89
1943 123
1944 84
1945 96
1946 92
1947 124
1948 106
1949 96
1950 124
1951 111
1952 106
1953 82
1954 123
1955 71
1956 91
1957 81
1958 126
1959 84
1960 93
1961 127
1962 86
1963 90
1964 80
1965 109
1966 93
1967 84
1968 129
1969 81
1970 83
1971 94
1972 122
1973 93
1974 77
1975 87
1976 135
1977 92
1978 99
1979 119
1980 93
1981 78
1982 98
1983 120
1984 85
1985 79
1986 155
1987 76
1988 87
1989 98
1990 113
1991 87
1992 84
1993 95
1994 123
1995 80
1996 88
1997 109
1998 107
1999 106
2000 97
2001 119
2002 85
2003 94
2004 86
2005 117
2006 99
2007 93
2008 103
2009 89
2010 81
2011 84
2012 109
2013 86
2014 70
2015 124
2016 87
2017 96
2018 98
2019 111
2020 106
2021 75
2022 99
2023 130
2024 77
2025 96
2026 118
2027 95
2028 91
2029 79
2030 108
2031 85
2032 95
2033 124
2034 96
2035 104
2036 99
2037 147
2038 111
2039 89
2040 88
2041 131
2042 93
2043 97
2044 151
2045 91
2046 86
2047 88
2048 117
2049 107
2050 70
2051 99
2052 109
2053 96
2054 82
2055 121
2056 86
2057 82
2058 91
2059 128
2060 111
2061 81
2062 148
2063 87
2064 75
2065 82
2066 107
2067 89
2068 88
2069 95
2070 114
2071 97
2072 84
2073 142
2074 100
2075 95
2076 81
2077 132
2078 92
2079 89
2080 124
2081 103
2082 94
2083 97
2084 133
2085 64
2086 108
2087 98
2088 128
2089 90
2090 91
2091 132
2092 87
2093 96
2094 86
2095 104
2096 116
2097 85
2098 107
2099 88
2100 95
2101 107
2102 103
2103 97
2104 113
2105 75
2106 133
2107 73
2108 92
2109 122
2110 96
2111 99
2112 91
2113 110
2114 77
2115 74
2116 88
2117 98
2118 82
2119 100
2120 123
2121 84
2122 87
2123 91
2124 112
2125 94
2126 85
2127 137
2128 82
2129 85
2130 90
2131 128
2132 96
2133 86
2134 98
2135 131
2136 104
2137 94
2138 122
2139 84
2140 94
2141 105
2142 113
2143 90
2144 104
2145 109
2146 102
2147 95
2148 84
2149 114
2150 101
2151 99
2152 83
2153 111
2154 92
2155 75
2156 120
2157 68
2158 103
2159 94
2160 138
2161 90
2162 93
2163 103
2164 129
2165 95
2166 97
2167 121
2168 92
2169 80
2170 100
2171 127
2172 83
2173 90
2174 112
2175 95
2176 96
2177 95
2178 135
2179 92
2180 105
2181 79
2182 101
2183 80
2184 76
2185 118
2186 105
2187 86
2188 111
2189 126
2190 85
2191 86
2192 125
2193 86
2194 100
2195 89
2196 137
2197 83
2198 69
2199 86
2200 122
2201 106
2202 102
2203 110
2204 95
2205 77
2206 91
2207 109
2208 93
2209 113
2210 119
2211 94
2212 104
2213 89
2214 123
2215 92
2216 92
2217 82
2218 114
2219 89
2220 87
2221 112
2222 80
2223 88
2224 77
2225 128
2226 76
2227 89
2228 91
2229 112
2230 80
2231 93
2232 134
2233 97
2234 79
2235 89
2236 134
2237 86
2238 81
2239 129
2240 87
2241 100
2242 81
2243 126
2244 79
2245 92
2246 91
2247 124
2248 96
2249 93
2250 114
2251 97
2252 88
2253 98
2254 138
2255 98
2256 71
2257 125
2258 92
2259 93
2260 93
2261 130
2262 94
2263 87
2264 81
2265 137
2266 89
2267 84
2268 123
2269 85
2270 85
2271 107
2272 136
2273 95
2274 76
2275 70
2276 132
2277 85
2278 81
2279 130
2280 88
2281 82
2282 77
2283 132
2284 80
2285 100
2286 142
2287 82
2288 91
2289 71
2290 129
2291 97
2292 98
2293 93
2294 127
2295 95
2296 95
2297 131
2298 88
2299 82
2300 100
2301 109
2302 85
2303 98
2304 118
2305 85
2306 89
2307 75
2308 125
2309 86
2310 76
2311 66
2312 117
2313 101
2314 86
2315 114
2316 94
2317 105
2318 108
2319 113
2320 87
2321 102
2322 147
2323 99
2324 91
2325 96
2326 126
2327 106
2328 73
2329 93
2330 139
2331 99
2332 106
2333 113
2334 83
2335 87
2336 77
2337 112
2338 94
2339 88
2340 96
2341 107
2342 92
2343 95
2344 120
2345 95
2346 86
2347 98
2348 118
2349 96
2350 81
2351 120
2352 82
2353 96
2354 94
2355 110
2356 102
2357 77
2358 85
2359 110
2360 84
2361 90
2362 128
2363 77
2364 94
2365 89
2366 125
2367 87
2368 75
2369 123
2370 95
2371 93
2372 101
2373 105
2374 97
2375 97
2376 92
2377 117
2378 92
2379 92
2380 112
2381 100
2382 99
2383 96
2384 138
2385 68
2386 94
2387 99
2388 107
2389 102
2390 123
2391 109
2392 86
2393 88
2394 78
2395 130
2396 82
2397 105
2398 120
2399 74
2400 91
2401 88
2402 121
2403 94
2404 83
2405 84
2406 119
2407 92
2408 96
2409 130
2410 86
2411 93
2412 108
2413 114
2414 83
2415 112
2416 113
2417 96
2418 92
2419 99
2420 144
2421 81
2422 95
2423 106
2424 138
2425 81
2426 84
2427 115
2428 97
2429 91
2430 93
2431 129
2432 73
2433 85
2434 115
2435 94
2436 91
2437 91
2438 113
2439 95
2440 91
2441 88
2442 133
2443 90
2444 89
2445 131
2446 100
2447 113
2448 96
2449 115
2450 90
2451 81
2452 96
2453 116
2454 96
2455 81
2456 123
2457 87
2458 88
2459 86
2460 115
2461 79
2462 104
2463 136
2464 102
2465 98
2466 92
2467 110
2468 90
2469 97
2470 89
2471 121
2472 89
2473 89
2474 125
2475 100
2476 108
2477 96
2478 115
2479 94
2480 74
2481 114
2482 78
2483 83
2484 83
2485 135
2486 84
2487 89
2488 101
2489 122
2490 95
2491 112
2492 136
2493 114
2494 100
2495 106
2496 103
2497 98
2498 85
2499 95
2500 106
2501 92
2502 101
2503 131
2504 91
2505 92
2506 103
2507 123
2508 97
2509 108
2510 117
2511 91
2512 99
2513 101
2514 112
2515 91
2516 92
2517 106
2518 109
2519 82
2520 93
2521 127
2522 78
2523 84
2524 99
2525 129
2526 98
2527 66
2528 130
2529 81
2530 87
2531 101
2532 125
2533 96
2534 94
2535 92
2536 112
2537 95
2538 79
2539 129
2540 79
2541 72
2542 78
2543 122
2544 92
2545 77
2546 139
2547 93
2548 105
2549 97
2550 134
2551 95
2552 81
2553 94
2554 119
2555 84
2556 89
2557 128
2558 93
2559 93
2560 99
2561 134
2562 102
2563 95
2564 81
2565 112
2566 85
2567 87
2568 127
2569 105
2570 80
2571 90
2572 110
2573 101
2574 86
2575 112
2576 82
2577 97
2578 79
2579 116
2580 85
2581 89
2582 96
2583 122
2584 81
2585 93
2586 119
2587 79
2588 93
2589 91
2590 119
2591 102
2592 86
2593 121
2594 83
2595 94
2596 79
2597 121
2598 77
2599 92
2600 94
2601 122
2602 82
2603 91
2604 120
2605 81
2606 76
2607 81
2608 122
2609 102
2610 82
2611 124
2612 80
2613 87
2614 98
2615 111
2616 103
2617 96
2618 91
2619 122
2620 72
2621 101
2622 110
2623 102
2624 85
2625 106
2626 132
2627 93
2628 86
2629 95
2630 121
2631 92
2632 100
2633 120
2634 97
2635 74
2636 84
2637 114
2638 100
2639 89
2640 117
2641 101
2642 87
2643 93
2644 107
2645 93
2646 96
2647 83
2648 123
2649 81
2650 118
2651 126
2652 82
2653 104
2654 75
2655 114
2656 98
2657 80
2658 133
2659 118
2660 98
2661 92
2662 123
2663 92
2664 91
2665 88
2666 141
2667 87
2668 80
2669 147
2670 100
2671 100
2672 91
2673 130
2674 106
2675 91
2676 87
2677 143
2678 93
2679 80
2680 124
2681 83
2682 98
2683 95
2684 118
2685 93
2686 76
2687 129
2688 84
2689 98
2690 91
2691 114
2692 113
2693 90
2694 86
2695 127
2696 75
2697 80
2698 147
2699 76
2700 88
2701 93
2702 130
2703 89
2704 83
2705 119
2706 84
2707 72
2708 95
2709 118
2710 94
2711 75
2712 97
2713 103
2714 88
2715 98
2716 137
2717 95
2718 96
2719 99
2720 131
2721 110
2722 83
2723 120
2724 85
2725 104
2726 89
2727 130
2728 72
2729 85
2730 95
2731 117
2732 76
2733 98
2734 115
2735 75
2736 100
2737 92
2738 124
2739 87
2740 84
2741 76
2742 138
2743 88
2744 85
2745 119
2746 86
2747 80
2748 79
2749 139
2750 89
2751 91
2752 122
2753 90
2754 86
2755 97
2756 115
2757 93
2758 94
2759 77
2760 114
2761 66
2762 90
2763 124
2764 99
2765 76
2766 99
2767 119
2768 92
2769 77
2770 126
2771 85
2772 83
2773 88
2774 128
2775 80
2776 93
2777 86
2778 129
2779 111
2780 102
2781 109
2782 95
2783 90
2784 100
2785 128
2786 114
2787 91
2788 88
2789 125
2790 88
2791 92
2792 121
2793 90
2794 78
2795 90
2796 109
2797 79
2798 83
2799 126
2800 102
2801 101
2802 94
2803 129
2804 106
2805 104
2806 99
2807 127
2808 87
2809 96
2810 114
2811 75
2812 107
2813 99
2814 125
2815 80
2816 98
2817 104
2818 82
2819 105
2820 85
2821 137
2822 79
2823 82
2824 88
2825 122
2826 101
2827 78
2828 133
2829 90
2830 106
2831 99
2832 123
2833 97
2834 91
2835 122
2836 95
2837 91
2838 104
2839 114
2840 92
2841 85
2842 86
2843 97
2844 84
2845 110
2846 112
2847 74
2848 94
2849 91
2850 143
2851 95
2852 107
2853 102
2854 110
2855 94
2856 92
2857 128
2858 73
2859 94
2860 84
2861 124
2862 100
2863 83
2864 145
2865 95
2866 99
2867 103
2868 105
2869 80
2870 101
2871 91
2872 134
2873 82
2874 94
2875 143
2876 94
2877 105
2878 96
2879 117
2880 89
2881 99
2882 131
2883 87
2884 118
2885 90
2886 137
2887 91
2888 95
2889 91
2890 129
2891 97
2892 99
2893 110
2894 98
2895 95
2896 108
2897 110
2898 88
2899 104
2900 92
2901 117
2902 89
2903 94
2904 110
2905 105
2906 94
2907 98
2908 136
2909 80
2910 95
2911 138
2912 111
2913 78
2914 90
2915 132
2916 86
2917 103
2918 93
2919 136
2920 91
2921 87
2922 122
2923 98
2924 100
2925 109
2926 135
2927 89
2928 93
2929 121
2930 109
2931 95
2932 104
2933 128
2934 83
2935 99
2936 86
2937 128
2938 73
2939 86
2940 123
2941 99
2942 96
2943 93
2944 118
2945 93
2946 92
2947 133
2948 91
2949 79
2950 87
2951 134
2952 81
2953 80
2954 94
2955 111
2956 115
2957 86
2958 131
2959 79
2960 98
2961 102
2962 120
2963 89
2964 100
2965 97
2966 138
2967 93
2968 106
2969 123
2970 95
2971 93
2972 87
2973 143
2974 95
2975 88
2976 125
2977 97
2978 87
2979 98
2980 106
2981 83
2982 102
2983 85
2984 124
2985 95
2986 91
2987 127
2988 85
2989 100
2990 103
2991 125
2992 87
2993 90
2994 111
2995 80
2996 82
2997 99
2998 125
2999 106
3000 82
3001 96
3002 131
3003 87
3004 100
3005 123
3006 99
3007 96
3008 72
3009 120
3010 94
3011 81
3012 85
3013 131
3014 83
3015 94
3016 136
3017 108
3018 102
3019 94
3020 122
3021 119
3022 98
3023 129
3024 60
3025 97
3026 81
3027 106
3028 96
3029 101
3030 89
3031 128
3032 88
3033 99
3034 113
3035 107
3036 95
3037 87
3038 119
3039 83
3040 95
3041 136
3042 82
3043 88
3044 84
3045 104
3046 99
3047 98
3048 84
3049 127
3050 88
3051 93
3052 125
3053 84
3054 108
3055 90
3056 121
3057 97
3058 87
3059 131
3060 86
3061 82
3062 108
3063 114
3064 97
3065 74
3066 97
3067 133
3068 88
3069 96
3070 124
3071 102
3072 96
3073 104
3074 124
3075 105
3076 74
3077 93
3078 112
3079 77
3080 92
3081 129
3082 80
3083 78
3084 103
3085 117
3086 90
3087 88
3088 126
3089 93
3090 86
3091 92
3092 144
3093 102
3094 75
3095 95
3096 127
3097 75
3098 89
3099 104
3100 83
3101 83
3102 119
3103 118
3104 116
3105 106
3106 124
3107 107
3108 89
3109 88
3110 112
3111 112
3112 84
3113 77
3114 112
3115 90
3116 104
3117 134
3118 102
3119 96
3120 108
3121 116
3122 93
3123 94
3124 103
3125 108
3126 89
3127 95
3128 111
3129 91
3130 88
3131 88
3132 128
3133 90
3134 98
3135 110
3136 98
3137 97
3138 99
3139 118
3140 87
3141 99
3142 105
3143 152
3144 91
3145 84
3146 130
3147 102
3148 91
3149 104
3150 117
3151 99
3152 98
3153 114
3154 89
3155 86
3156 88
3157 109
3158 81
3159 101
3160 85
3161 140
3162 93
3163 89
3164 130
3165 101
3166 105
3167 84
3168 129
3169 89
3170 72
3171 136
3172 97
3173 86
3174 95
3175 125
3176 103
3177 95
3178 78
3179 101
3180 78
3181 90
3182 118
3183 89
3184 79
3185 75
3186 133
3187 87
3188 108
3189 88
3190 104
3191 92
3192 92
3193 138
3194 82
3195 78
3196 88
3197 102
3198 89
3199 87
3200 88
3201 94
3202 96
3203 93
3204 125
3205 110
3206 96
3207 99
3208 112
3209 95
3210 110
3211 116
3212 100
3213 81
3214 77
3215 118
3216 101
3217 89
3218 128
3219 97
3220 99
3221 94
3222 130
3223 106
3224 76
3225 108
3226 131
3227 76
3228 94
3229 137
3230 97
3231 88
3232 96
3233 101
3234 86
3235 107
3236 112
3237 106
3238 94
3239 93
3240 127
3241 72
3242 100
3243 91
3244 106
3245 101
3246 94
3247 133
3248 96
3249 83
3250 83
3251 103
3252 92
3253 83
3254 96
3255 133
3256 98
3257 109
3258 128
3259 95
3260 93
3261 95
3262 130
3263 99
3264 83
3265 146
3266 104
3267 88
3268 91
3269 135
3270 94
3271 93
3272 83
3273 103
3274 102
3275 72
3276 121
3277 110
3278 106
3279 97
3280 117
3281 90
3282 72
3283 130
3284 95
3285 93
3286 77
3287 122
3288 92
3289 105
3290 113
3291 136
3292 98
3293 89
3294 115
3295 97
3296 96
3297 90
3298 120
3299 87
3300 81
3301 88
3302 107
3303 92
3304 90
3305 112
3306 94
3307 82
3308 99
3309 129
3310 85
3311 83
3312 132
3313 85
3314 91
3315 81
3316 137
3317 97
3318 91
3319 106
3320 105
3321 95
3322 99
3323 132
3324 77
3325 96
3326 96
3327 121
3328 99
3329 90
3330 130
3331 72
3332 102
3333 89
3334 100
3335 104
3336 85
3337 80
3338 127
3339 96
3340 102
3341 116
3342 93
3343 86
3344 88
3345 136
3346 108
3347 100
3348 110
3349 107
3350 82
3351 80
3352 125
3353 80
3354 110
3355 81
3356 131
3357 80
3358 92
3359 123
3360 104
3361 90
3362 75
3363 120
3364 74
3365 96
3366 83
3367 120
3368 99
3369 88
3370 133
3371 87
3372 107
3373 74
3374 113
3375 76
3376 94
3377 109
3378 97
3379 85
3380 99
3381 103
3382 98
3383 90
3384 103
3385 123
3386 101
3387 95
3388 123
3389 101
3390 88
3391 82
3392 127
3393 83
3394 85
3395 153
3396 88
3397 98
3398 85
3399 138
3400 80
3401 109
3402 103
3403 100
3404 78
3405 88
3406 133
3407 106
3408 103
3409 92
3410 135
3411 84
3412 82
3413 81
3414 129
3415 110
3416 84
3417 118
3418 79
3419 74
3420 65
3421 122
3422 108
3423 84
3424 109
3425 110
3426 103
3427 84
3428 128
3429 98
3430 104
3431 97
3432 132
3433 100
3434 100
3435 117
3436 80
3437 97
3438 91
3439 123
3440 93
3441 81
3442 115
3443 100
3444 87
3445 100
3446 120
3447 112
3448 97
3449 89
3450 111
3451 80
3452 90
3453 133
3454 110
3455 95
3456 82
3457 121
3458 82
3459 97
3460 116
3461 89
3462 122
3463 103
3464 113
3465 100
3466 91
3467 110
3468 110
3469 91
3470 76
3471 112
3472 81
3473 107
3474 84
3475 132
3476 90
3477 91
3478 78
3479 131
3480 103
3481 98
3482 112
3483 86
3484 100
3485 99
3486 130
3487 89
3488 85
3489 133
3490 90
3491 103
3492 78
3493 107
3494 78
3495 65
3496 108
3497 127
3498 88
3499 80
3500 111
3501 87
3502 101
3503 97
3504 113
3505 103
3506 87
3507 112
3508 100
3509 86
3510 85
3511 127
3512 93
3513 81
3514 89
3515 113
3516 96
3517 99
3518 109
3519 88
3520 88
3521 95
3522 118
3523 119
3524 99
3525 82
3526 131
3527 95
3528 108
3529 136
3530 85
3531 92
3532 86
3533 133
3534 88
3535 84
3536 121
3537 102
3538 93
3539 93
3540 107
3541 106
3542 91
3543 97
3544 132
3545 84
3546 86
3547 131
3548 92
3549 99
3550 109
3551 117
3552 89
3553 84
3554 101
3555 88
3556 87
3557 89
3558 122
3559 89
3560 92
3561 84
3562 115
3563 69
3564 100
3565 149
3566 99
3567 92
3568 103
3569 127
3570 98
3571 72
3572 115
3573 98
3574 82
3575 82
3576 142
3577 91
3578 91
3579 90
3580 132
3581 82
3582 86
3583 120
3584 70
3585 83
3586 98
3587 116
3588 80
3589 91
3590 99
3591 116
3592 63
3593 106
3594 125
3595 94
3596 75
3597 97
3598 131
3599 104
3600 86
3601 104
3602 111
3603 85
3604 95
3605 131
3606 90
3607 89
3608 113
3609 108
3610 91
3611 82
3612 115
3613 93
3614 100
3615 98
3616 105
3617 98
3618 102
3619 147
3620 98
3621 101
3622 106
3623 108
3624 90
3625 89
3626 70
3627 138
3628 92
3629 94
3630 136
3631 91
3632 93
3633 89
3634 143
3635 83
3636 104
3637 97
3638 126
3639 108
3640 93
3641 146
3642 84
3643 99
3644 94
3645 103
3646 82
3647 90
3648 131
3649 99
3650 93
3651 98
3652 118
3653 91
3654 98
3655 91
3656 132
3657 81
3658 102
3659 125
3660 94
3661 89
3662 95
3663 133
3664 92
3665 85
3666 127
3667 96
3668 94
3669 83
3670 130
3671 103
3672 99
3673 88
3674 125
3675 94
3676 86
3677 127
3678 92
3679 65
3680 96
3681 105
3682 99
3683 78
3684 116
3685 91
3686 96
3687 99
3688 121
3689 94
3690 89
3691 70
3692 114
3693 88
3694 87
3695 131
3696 104
3697 110
3698 84
3699 127
3700 115
3701 92
3702 86
3703 122
3704 84
3705 86
3706 130
3707 90
3708 109
3709 85
3710 135
3711 99
3712 87
3713 126
3714 87
3715 88
3716 100
3717 144
3718 81
3719 88
3720 77
3721 100
3722 100
3723 86
3724 112
3725 116
3726 111
3727 98
3728 121
3729 77
3730 97
3731 134
3732 89
3733 78
3734 96
3735 107
3736 93
3737 77
3738 100
3739 115
3740 83
3741 86
3742 133
3743 89
3744 87
3745 92
3746 127
3747 101
3748 87
3749 112
3750 126
3751 92
3752 75
3753 117
3754 100
3755 96
3756 112
3757 123
3758 85
3759 95
3760 114
3761 89
3762 85
3763 84
3764 127
3765 100
3766 97
3767 84
3768 129
3769 83
3770 94
3771 123
3772 87
3773 106
3774 85
3775 123
3776 76
3777 81
3778 137
3779 88
3780 83
3781 94
3782 124
3783 101
3784 86
3785 72
3786 125
3787 87
3788 100
3789 108
3790 80
3791 88
3792 101
3793 118
3794 111
3795 98
3796 122
3797 85
3798 92
3799 92
3800 118
3801 97
3802 86
3803 88
3804 121
3805 89
3806 101
3807 111
3808 90
3809 103
3810 105
3811 125
3812 84
3813 84
3814 106
3815 126
3816 84
3817 82
3818 130
3819 75
3820 91
3821 82
3822 91
3823 103
3824 105
3825 120
3826 96
3827 90
3828 91
3829 134
3830 87
3831 84
3832 86
3833 143
3834 80
3835 104
3836 110
3837 107
3838 108
3839 75
3840 122
3841 89
3842 81
3843 97
3844 96
3845 94
3846 113
3847 130
3848 87
3849 90
3850 89
3851 129
3852 75
3853 85
3854 128
3855 88
3856 102
3857 89
3858 117
3859 105
3860 82
3861 117
3862 96
3863 91
3864 102
3865 116
3866 87
3867 95
3868 95
3869 139
3870 95
3871 83
3872 130
3873 88
3874 82
3875 92
3876 131
3877 96
3878 69
3879 76
3880 121
3881 100
3882 84
3883 114
3884 69
3885 90
3886 88
3887 143
3888 78
3889 100
3890 113
3891 101
3892 92
3893 89
3894 133
3895 85
3896 84
3897 98
3898 116
3899 88
3900 81
3901 139
3902 89
3903 91
3904 101
3905 125
3906 83
3907 89
3908 112
3909 94
3910 101
3911 89
3912 130
3913 89
3914 93
3915 93
3916 123
3917 69
3918 81
3919 116
3920 97
3921 101
3922 101
3923 120
3924 85
3925 90
3926 83
3927 126
3928 79
3929 96
3930 101
3931 95
3932 67
3933 100
3934 130
3935 93
3936 115
3937 128
3938 98
3939 84
3940 79
3941 136
3942 84
3943 77
3944 91
3945 111
3946 78
3947 100
3948 122
3949 88
3950 102
3951 90
3952 134
3953 94
3954 97
3955 107
3956 84
3957 83
3958 90
3959 117
3960 67
3961 89
3962 86
3963 132
3964 71
3965 100
3966 110
3967 81
3968 93
3969 97
3970 93
3971 93
3972 93
3973 124
3974 118
3975 77
3976 94
3977 139
3978 102
3979 87
3980 90
3981 122
3982 100
3983 91
3984 128
3985 94
3986 110
3987 93
3988 111
3989 93
3990 102
3991 84
3992 130
3993 97
3994 83
3995 133
3996 93
3997 98
3998 74
3999 137
4000 85
4001 77
4002 117
4003 89
4004 101
4005 86
4006 125
4007 104
4008 95
4009 100
4010 118
4011 89
4012 87
4013 100
4014 92
4015 89
4016 84
4017 120
4018 95
4019 109
4020 113
4021 115
4022 88
4023 92
4024 110
4025 97
4026 89
4027 88
4028 116
4029 86
4030 94
4031 126
4032 83
4033 93
4034 78
4035 114
4036 89
4037 111
4038 82
4039 111
4040 94
4041 95
4042 117
4043 87
4044 103
4045 81
4046 131
4047 98
4048 88
4049 133
4050 92
4051 94
4052 101
4053 127
4054 90
4055 95
4056 103
4057 124
4058 102
4059 90
4060 106
4061 89
4062 71
4063 92
4064 116
4065 92
4066 101
4067 131
4068 81
4069 82
4070 79
4071 138
4072 87
4073 95
4074 93
4075 120
4076 89
4077 94
4078 108
4079 105
4080 89
4081 79
4082 128
4083 84
4084 95
4085 146
4086 84
4087 80
4088 100
4089 116
4090 84
4091 99
4092 90
4093 117
4094 104
4095 100
4096 114
4097 100
4098 99
4099 106
4100 116
4101 92
4102 88
4103 97
4104 110
4105 103
4106 95
4107 125
4108 96
4109 94
4110 88
4111 124
4112 81
4113 87
4114 125
4115 90
4116 80
4117 85
4118 109
4119 108
4120 101
4121 98
4122 122
4123 86
4124 94
4125 112
4126 95
4127 95
4128 105
4129 120
4130 83
4131 100
4132 110
4133 94
4134 75
4135 89
4136 117
4137 105
4138 97
4139 105
4140 108
4141 79
4142 91
4143 123
4144 95
4145 100
4146 96
4147 133
4148 97
4149 103
4150 90
4151 121
4152 104
4153 105
4154 127
4155 90
4156 89
4157 100
4158 140
4159 79
4160 74
4161 124
4162 89
4163 72
4164 95
4165 122
4166 104
4167 85
4168 74
4169 115
4170 95
4171 92
4172 120
4173 89
4174 84
4175 93
4176 126
4177 89
4178 95
4179 123
4180 97
4181 94
4182 110
4183 103
4184 100
4185 89
4186 92
4187 129
4188 100
4189 103
4190 112
4191 89
4192 106
4193 91
4194 123
4195 78
4196 95
4197 128
4198 98
4199 89
4200 113
4201 88
4202 98
4203 83
4204 73
4205 108
4206 80
4207 87
4208 126
4209 93
4210 89
4211 88
4212 134
4213 94
4214 86
4215 81
4216 101
4217 85
4218 91
4219 132
4220 103
4221 109
4222 77
4223 114
4224 98
4225 85
4226 131
4227 81
4228 88
4229 90
4230 117
4231 85
4232 87
4233 100
4234 137
4235 87
4236 79
4237 115
4238 112
4239 94
4240 91
4241 131
4242 78
4243 87
4244 123
4245 82
4246 104
4247 88
4248 132
4249 105
4250 94
4251 84
4252 118
4253 91
4254 93
4255 119
4256 91
4257 74
4258 86
4259 126
4260 90
4261 90
4262 80
4263 111
4264 91
4265 94
4266 110
4267 81
4268 107
4269 93
4270 122
4271 83
4272 105
4273 123
4274 87
4275 101
4276 92
4277 124
4278 88
4279 100
4280 83
4281 126
4282 90
4283 97
4284 133
4285 82
4286 93
4287 88
4288 114
4289 77
4290 96
4291 106
4292 110
4293 105
4294 102
4295 122
4296 97
4297 93
4298 95
4299 118
4300 99
4301 93
4302 116
4303 102
4304 83
4305 94
4306 108
4307 84
4308 84
4309 124
4310 101
4311 98
4312 90
4313 132
4314 94
4315 95
4316 89
4317 116
4318 95
4319 93
4320 109
4321 100
4322 89
4323 99
4324 119
4325 82
4326 95
4327 86
4328 126
4329 89
4330 99
4331 105
4332 87
4333 109
4334 114
4335 109
4336 94
4337 81
4338 131
4339 94
4340 91
4341 100
4342 140
4343 95
4344 108
4345 98
4346 131
4347 90
4348 89
4349 126
4350 95
4351 99
4352 90
4353 121
4354 87
4355 88
4356 111
4357 79
4358 83
4359 94
4360 146
4361 94
4362 84
4363 103
4364 115
4365 95
4366 101
4367 126
4368 98
4369 104
4370 81
4371 119
4372 83
4373 105
4374 89
4375 125
4376 79
4377 95
4378 121
4379 97
4380 111
4381 87
4382 114
4383 103
4384 84
4385 109
4386 79
4387 94
4388 105
4389 107
4390 102
4391 94
4392 90
4393 120
4394 82
4395 92
4396 119
4397 84
4398 85
4399 81
4400 110
4401 74
4402 89
4403 123
4404 84
4405 101
4406 86
4407 130
4408 97
4409 114
4410 83
4411 125
4412 86
4413 103
4414 118
4415 83
4416 87
4417 84
4418 138
4419 87
4420 89
4421 121
4422 109
4423 103
4424 83
4425 106
4426 80
4427 95
4428 93
4429 125
4430 97
4431 80
4432 124
4433 92
4434 96
4435 94
4436 114
4437 97
4438 85
4439 80
4440 130
4441 88
4442 97
4443 128
4444 89
4445 91
4446 81
4447 134
4448 88
4449 97
4450 130
4451 92
4452 97
4453 76
4454 122
4455 110
4456 95
4457 81
4458 94
4459 107
4460 99
4461 121
4462 100
4463 91
4464 94
4465 111
4466 82
4467 77
4468 127
4469 92
4470 93
4471 92
4472 123
4473 88
4474 88
4475 81
4476 132
4477 88
4478 101
4479 109
4480 113
4481 93
4482 104
4483 125
4484 107
4485 90
4486 127
4487 90
4488 93
4489 83
4490 117
4491 97
4492 92
4493 96
4494 129
4495 80
4496 105
4497 122
4498 82
4499 85
4500 86
4501 124
4502 90
4503 78
4504 85
4505 118
4506 104
4507 103
4508 100
4509 88
4510 94
4511 95
4512 131
4513 73
4514 95
4515 105
4516 102
4517 76
4518 92
4519 109
4520 89
4521 99
4522 94
4523 121
4524 87
4525 83
4526 140
4527 80
4528 92
4529 83
4530 110
4531 83
4532 94
4533 117
4534 78
4535 97
4536 93
4537 117
4538 98
4539 96
4540 85
4541 113
4542 89
4543 89
4544 114
4545 98
4546 97
4547 93
4548 131
4549 95
4550 104
4551 106
4552 112
4553 88
4554 88
4555 140
4556 83
4557 96
4558 99
4559 140
4560 72
4561 78
4562 129
4563 75
4564 80
4565 86
4566 123
4567 107
4568 94
4569 83
4570 116
4571 85
4572 76
4573 124
4574 100
4575 79
4576 109
4577 133
4578 82
4579 107
4580 135
4581 95
4582 70
4583 93
4584 117
4585 86
4586 86
4587 89
4588 104
4589 83
4590 104
4591 115
4592 100
4593 87
4594 82
4595 107
4596 83
4597 86
4598 111
4599 83
4600 91
4601 99
4602 126
4603 79
4604 88
4605 86
4606 113
4607 89
4608 89
4609 147
4610 86
4611 101
4612 115
4613 117
4614 89
4615 100
4616 95
4617 118
4618 77
4619 83
4620 114
4621 85
4622 88
4623 87
4624 125
4625 92
4626 95
4627 124
4628 102
4629 70
4630 82
4631 105
4632 86
4633 103
4634 105
4635 130
4636 87
4637 95
4638 112
4639 83
4640 88
4641 90
4642 125
4643 100
4644 105
4645 114
4646 84
4647 98
4648 101
4649 107
4650 94
4651 102
4652 69
4653 111
4654 93
4655 96
4656 104
4657 81
4658 88
4659 73
4660 109
4661 93
4662 101
4663 94
4664 109
4665 82
4666 98
4667 128
4668 88
4669 90
4670 94
4671 135
4672 73
4673 99
4674 132
4675 88
4676 100
4677 77
4678 134
4679 86
4680 103
4681 97
4682 130
4683 79
4684 102
4685 108
4686 104
4687 88
4688 87
4689 126
4690 101
4691 93
4692 141
4693 101
4694 97
4695 88
4696 151
4697 80
4698 91
4699 99
4700 128
4701 92
4702 87
4703 130
4704 92
4705 108
4706 67
4707 112
4708 87
4709 82
4710 127
4711 104
4712 73
4713 100
4714 110
4715 98
4716 96
4717 107
4718 132
4719 87
4720 90
4721 128
4722 100
4723 83
4724 88
4725 100
4726 92
4727 99
4728 95
4729 126
4730 83
4731 88
4732 122
4733 84
4734 98
4735 81
4736 142
4737 90
4738 87
4739 96
4740 105
4741 88
4742 102
4743 129
4744 87
4745 80
4746 98
4747 111
4748 92
4749 83
4750 104
4751 94
4752 97
4753 88
4754 113
4755 75
4756 94
4757 125
4758 110
4759 88
4760 74
4761 141
4762 68
4763 94
4764 91
4765 132
4766 112
4767 104
4768 126
4769 90
4770 105
4771 85
4772 118
4773 91
4774 84
4775 111
4776 108
4777 97
4778 87
4779 142
4780 79
4781 92
4782 115
4783 124
4784 92
4785 76
4786 131
4787 89
4788 90
4789 106
4790 124
4791 88
4792 93
4793 112
4794 130
4795 98
4796 78
4797 111
4798 110
4799 95
4800 101
4801 111
4802 91
4803 77
4804 139
4805 89
4806 73
4807 93
4808 117
4809 92
4810 93
4811 92
4812 108
4813 100
4814 88
4815 130
4816 90
4817 98
4818 83
4819 120
4820 93
4821 96
4822 98
4823 99
4824 98
4825 94
4826 122
4827 98
4828 93
4829 95
4830 111
4831 93
4832 96
4833 122
4834 98
4835 98
4836 107
4837 112
4838 86
4839 88
4840 90
4841 134
4842 93
4843 71
4844 136
4845 100
4846 105
4847 72
4848 107
4849 100
4850 103
4851 113
4852 111
4853 94
4854 81
4855 112
4856 92
4857 92
4858 103
4859 122
4860 81
4861 101
4862 125
4863 107
4864 93
4865 83
4866 139
4867 86
4868 95
4869 113
4870 82
4871 101
4872 99
4873 115
4874 83
4875 87
4876 96
4877 107
4878 94
4879 107
4880 133
4881 78
4882 91
4883 85
4884 109
4885 96
4886 88
4887 89
4888 111
4889 83
4890 97
4891 116
4892 87
4893 86
4894 87
4895 113
4896 85
4897 104
4898 125
4899 85
4900 97
4901 85
4902 106
4903 99
4904 95
4905 101
4906 109
4907 74
4908 89
4909 118
4910 87
4911 90
4912 83
4913 129
4914 124
4915 76
4916 113
4917 99
4918 91
4919 78
4920 130
4921 89
4922 94
4923 68
4924 112
4925 92
4926 105
4927 156
4928 90
4929 68
4930 75
4931 134
4932 73
4933 98
4934 127
4935 78
4936 76
4937 94
4938 125
4939 100
4940 80
4941 95
4942 131
4943 103
4944 99
4945 123
4946 87
4947 89
4948 98
4949 123
4950 102
4951 93
4952 95
4953 129
4954 107
4955 87
4956 138
4957 101
4958 97
4959 98
4960 144
4961 109
4962 88
4963 120
4964 93
4965 92
4966 97
4967 123
4968 86
4969 97
4970 93
4971 117
4972 80
4973 113
4974 109
4975 69
4976 74
4977 90
4978 128
4979 83
4980 95
4981 126
4982 100
4983 99
4984 108
4985 117
4986 90
4987 95
4988 75
4989 118
4990 101
4991 91
4992 122
4993 95
4994 75
4995 80
4996 140
4997 93
4998 106
4999 97
5000 117
5001 87
5002 102
5003 122
5004 90
5005 100
5006 92
5007 137
5008 93
5009 95
5010 120
5011 69
5012 81
5013 77
5014 130
5015 69
5016 99
5017 107
5018 134
5019 97
5020 84
5021 107
5022 76
5023 87
5024 100
5025 116
5026 85
5027 85
5028 103
5029 84
5030 92
5031 80
5032 124
5033 89
5034 73
5035 98
5036 116
5037 86
5038 79
5039 125
5040 93
5041 95
5042 93
5043 113
5044 90
5045 97
5046 122
5047 90
5048 85
5049 89
5050 137
5051 86
5052 83
5053 95
5054 125
5055 81
5056 85
5057 130
5058 98
5059 95
5060 71
5061 107
5062 86
5063 87
5064 94
5065 112
5066 85
5067 97
5068 127
5069 82
5070 93
5071 96
5072 122
5073 100
5074 98
5075 114
5076 113
5077 101
5078 82
5079 113
5080 100
5081 105
5082 87
5083 124
5084 79
5085 79
5086 121
5087 72
5088 102
5089 92
5090 130
5091 90
5092 101
5093 104
5094 101
5095 87
5096 106
5097 108
5098 100
5099 90
5100 95
5101 108
5102 78
5103 89
5104 103
5105 93
5106 94
5107 90
5108 127
5109 77
5110 97
5111 119
5112 89
5113 89
5114 99
5115 118
5116 101
5117 95
5118 89
5119 102
5120 96
5121 96
5122 130
5123 87
5124 97
5125 84
5126 131
5127 83
5128 100
5129 97
5130 132
5131 81
5132 88
5133 136
5134 92
5135 107
5136 92
5137 130
5138 99
5139 93
5140 134
5141 104
5142 107
5143 90
5144 105
5145 80
5146 77
5147 95
5148 122
5149 88
5150 105
5151 100
5152 81
5153 86
5154 98
5155 121
5156 87
5157 102
5158 124
5159 83
5160 81
5161 72
5162 107
5163 90
5164 83
5165 93
5166 121
5167 98
5168 80
5169 135
5170 102
5171 95
5172 86
5173 135
5174 90
5175 101
5176 84
5177 117
5178 102
5179 91
5180 131
5181 88
5182 82
5183 79
5184 129
5185 89
5186 99
5187 128
5188 77
5189 88
5190 95
5191 127
5192 96
5193 79
5194 104
5195 123
5196 86
5197 89
5198 125
5199 83
5200 99
5201 92
5202 144
5203 77
5204 93
5205 131
5206 86
5207 83
5208 96
5209 136
5210 104
5211 102
5212 103
5213 120
5214 98
5215 79
5216 117
5217 81
5218 72
5219 85
5220 119
5221 97
5222 88
5223 140
5224 98
5225 89
5226 100
5227 116
5228 91
5229 80
5230 94
5231 124
5232 75
5233 107
5234 107
5235 102
5236 88
5237 86
5238 119
5239 87
5240 99
5241 94
5242 124
5243 78
5244 97
5245 131
5246 122
5247 87
5248 86
5249 131
5250 105
5251 87
5252 116
5253 94
5254 100
5255 101
5256 133
5257 103
5258 110
5259 86
5260 136
5261 85
5262 84
5263 124
5264 95
5265 88
5266 100
5267 117
5268 102
5269 89
5270 112
5271 85
5272 104
5273 92
5274 124
5275 80
5276 98
5277 90
5278 130
5279 86
5280 94
5281 107
5282 105
5283 84
5284 103
5285 125
5286 93
5287 106
5288 84
5289 119
5290 101
5291 93
5292 141
5293 87
5294 93
5295 77
5296 138
5297 92
5298 83
5299 122
5300 91
5301 94
5302 98
5303 143
5304 90
5305 95
5306 101
5307 127
5308 88
5309 95
5310 134
5311 94
5312 74
5313 91
5314 117
5315 87
5316 85
5317 133
5318 103
5319 107
5320 121
5321 126
5322 96
5323 100
5324 121
5325 118
5326 110
5327 101
5328 114
5329 101
5330 81
5331 100
5332 125
5333 96
5334 83
5335 113
5336 95
5337 91
5338 86
5339 110
5340 113
5341 89
5342 92
5343 107
5344 101
5345 81
5346 130
5347 84
5348 77
5349 94
5350 123
5351 96
5352 93
5353 91
5354 116
5355 94
5356 104
5357 123
5358 89
5359 105
5360 94
5361 117
5362 101
5363 91
5364 121
5365 100
5366 85
5367 93
5368 131
5369 90
5370 91
5371 91
5372 128
5373 78
5374 94
5375 123
5376 103
5377 96
5378 90
5379 128
5380 97
5381 99
5382 123
5383 104
5384 113
5385 87
5386 119
5387 84
5388 84
5389 64
5390 124
5391 92
5392 96
5393 137
5394 88
5395 115
5396 92
5397 133
5398 92
5399 100
5400 90
5401 121
5402 94
5403 89
5404 124
5405 106
5406 100
5407 102
5408 156
5409 94
5410 110
5411 133
5412 86
5413 88
5414 85
5415 132
5416 87
5417 90
5418 83
5419 134
5420 89
5421 83
5422 122
5423 110
5424 99
5425 80
5426 111
5427 94
5428 88
5429 124
5430 78
5431 94
5432 84
5433 139
5434 96
5435 81
5436 81
5437 115
5438 92
5439 91
5440 123
5441 98
5442 91
5443 101
5444 134
5445 83
5446 103
5447 132
5448 91
5449 83
5450 93
5451 131
5452 88
5453 73
5454 96
5455 127
5456 89
5457 78
5458 143
5459 81
5460 87
5461 88
5462 117
5463 75
5464 90
5465 82
5466 124
5467 95
5468 94
5469 115
5470 98
5471 92
5472 88
5473 156
5474 97
5475 87
5476 115
5477 96
5478 92
5479 107
5480 110
5481 80
5482 96
5483 74
5484 126
5485 78
5486 108
5487 134
5488 90
5489 95
5490 76
5491 103
5492 92
5493 103
5494 137
5495 91
5496 93
5497 91
5498 106
5499 92
5500 85
5501 96
5502 141
5503 101
5504 90
5505 134
5506 80
5507 87
5508 104
5509 105
5510 91
5511 95
5512 76
5513 141
5514 84
5515 86
5516 121
5517 77
5518 80
5519 95
5520 140
5521 100
5522 101
5523 126
5524 93
5525 94
5526 104
5527 133
5528 90
5529 94
5530 88
5531 118
5532 75
5533 96
5534 108
5535 88
5536 108
5537 100
5538 135
5539 85
5540 89
5541 118
5542 94
5543 75
5544 99
5545 124
5546 106
5547 92
5548 100
5549 123
5550 94
5551 78
5552 125
5553 88
5554 100
5555 89
5556 132
5557 91
5558 79
5559 122
5560 100
5561 88
5562 97
5563 105
5564 84
5565 92
5566 91
5567 136
5568 104
5569 105
5570 125
5571 88
5572 96
5573 92
5574 107
5575 108
5576 84
5577 100
5578 109
5579 95
5580 102
5581 121
5582 108
5583 101
5584 108
5585 124
5586 78
5587 88
5588 126
5589 93
5590 90
5591 96
5592 133
5593 89
5594 88
5595 96
5596 114
5597 92
5598 85
5599 147
5600 114
5601 92
5602 89
5603 115
5604 96
5605 116
5606 131
5607 83
5608 79
5609 89
5610 136
5611 93
5612 90
5613 100
5614 120
5615 91
5616 69
5617 126
5618 99
5619 83
5620 111
5621 140
5622 70
5623 85
5624 92
5625 122
5626 83
5627 77
5628 132
5629 77
5630 90
5631 72
5632 127
5633 99
5634 115
5635 131
5636 76
5637 92
5638 92
5639 121
5640 85
5641 92
5642 112
5643 138
5644 88
5645 93
5646 117
5647 99
5648 99
5649 100
5650 130
5651 94
5652 111
5653 122
5654 91
5655 108
5656 91
5657 157
5658 92
5659 92
5660 103
5661 107
5662 102
5663 71
5664 129
5665 71
5666 104
5667 86
5668 119
5669 90
5670 89
5671 118
5672 93
5673 93
5674 88
5675 135
5676 106
5677 102
5678 103
5679 122
5680 87
5681 91
5682 120
5683 93
5684 91
5685 83
5686 104
5687 102
5688 89
5689 99
5690 106
5691 88
5692 95
5693 120
5694 76
5695 94
5696 87
5697 117
5698 87
5699 96
5700 126
5701 71
5702 100
5703 98
5704 123
5705 86
5706 101
5707 81
5708 117
5709 88
5710 98
5711 109
5712 81
5713 77
5714 92
5715 120
5716 89
5717 92
5718 133
5719 114
5720 103
5721 94
5722 116
5723 92
5724 78
5725 95
5726 122
5727 107
5728 94
5729 146
5730 81
5731 83
5732 91
5733 123
5734 94
5735 102
5736 106
5737 97
5738 98
5739 102
5740 113
5741 89
5742 89
5743 106
5744 118
5745 101
5746 86
5747 134
5748 92
5749 102
5750 90
5751 118
5752 100
5753 88
5754 111
5755 124
5756 92
5757 81
5758 109
5759 93
5760 95
5761 80
5762 126
5763 98
5764 74
5765 115
5766 82
5767 101
5768 89
5769 135
5770 94
5771 115
5772 81
5773 118
5774 102
5775 92
5776 106
5777 69
5778 99
5779 71
5780 134
5781 96
5782 90
5783 118
5784 79
5785 77
5786 106
5787 118
5788 84
5789 86
5790 87
5791 127
5792 87
5793 98
5794 136
5795 88
5796 96
5797 99
5798 123
5799 91
5800 94
5801 85
5802 125
5803 99
5804 101
5805 127
5806 92
5807 102
5808 85
5809 135
5810 87
5811 95
5812 116
5813 97
5814 90
5815 82
5816 117
5817 85
5818 120
5819 104
5820 127
5821 84
5822 78
5823 124
5824 88
5825 72
5826 104
5827 129
5828 102
5829 100
5830 123
5831 88
5832 88
5833 93
5834 99
5835 92
5836 89
5837 86
5838 134
5839 84
5840 102
5841 126
5842 105
5843 92
5844 81
5845 109
5846 91
5847 97
5848 136
5849 85
5850 85
5851 78
5852 136
5853 98
5854 92
5855 88
5856 128
5857 104
5858 100
5859 108
5860 116
5861 80
5862 95
5863 126
5864 99
5865 93
5866 88
5867 132
5868 92
5869 106
5870 142
5871 94
5872 88
5873 109
5874 135
5875 92
5876 76
5877 113
5878 103
5879 100
5880 85
5881 126
5882 88
5883 95
5884 75
5885 133
5886 81
5887 95
5888 102
5889 78
5890 93
5891 90
5892 104
5893 105
5894 101
5895 121
5896 99
5897 98
5898 104
5899 109
5900 85
5901 79
5902 78
5903 123
5904 89
5905 101
5906 121
5907 80
5908 96
5909 94
5910 124
5911 84
5912 94
5913 85
5914 135
5915 94
5916 91
5917 119
5918 89
5919 87
5920 80
5921 111
5922 79
5923 96
5924 116
5925 103
5926 113
5927 86
5928 106
5929 90
5930 95
5931 95
5932 141
5933 91
5934 87
5935 110
5936 81
5937 96
5938 84
5939 126
5940 87
5941 98
5942 106
5943 102
5944 73
5945 93
5946 131
5947 74
5948 75
5949 100
5950 116
5951 82
5952 104
5953 131
5954 93
5955 119
5956 84
5957 131
5958 72
5959 84
5960 105
5961 93
5962 110
5963 86
5964 126
5965 90
5966 78
5967 92
5968 107
5969 91
5970 110
5971 131
5972 96
5973 90
5974 85
5975 121
5976 83
5977 94
5978 91
5979 119
5980 102
5981 79
5982 128
5983 100
5984 93
5985 90
5986 115
5987 90
5988 94
5989 118
5990 96
5991 90
5992 90
5993 130
5994 99
5995 88
5996 103
5997 129
5998 112
5999 93
6000 143
6001 89
6002 83
6003 94
6004 119
6005 105
6006 97
6007 122
6008 82
6009 96
6010 88
6011 135
6012 99
6013 80
6014 91
6015 114
6016 105
6017 98
6018 118
6019 87
6020 93
6021 90
6022 129
6023 102
6024 92
6025 84
6026 117
6027 108
6028 82
6029 89
6030 88
6031 90
6032 89
6033 102
6034 114
6035 89
6036 111
6037 112
6038 77
6039 89
6040 126
6041 99
6042 105
6043 100
6044 110
6045 99
6046 89
6047 112
6048 69
6049 88
6050 103
6051 138
6052 86
6053 87
6054 119
6055 96
6056 92
6057 86
6058 111
6059 97
6060 103
6061 99
6062 125
6063 95
6064 90
6065 126
6066 88
6067 81
6068 96
6069 118
6070 94
6071 101
6072 129
6073 91
6074 97
6075 105
6076 122
6077 102
6078 84
6079 84
6080 123
6081 79
6082 103
6083 142
6084 88
6085 94
6086 83
6087 113
6088 70
6089 97
6090 89
6091 139
6092 95
6093 104
6094 125
6095 82
6096 88
6097 93
6098 127
6099 90
6100 100
6101 112
6102 101
6103 79
6104 97
6105 127
6106 87
6107 95
6108 80
6109 128
6110 102
6111 85
6112 108
6113 82
6114 106
6115 96
6116 107
6117 87
6118 76
6119 119
6120 79
6121 83
6122 103
6123 110
6124 93
6125 95
6126 107
6127 112
6128 84
6129 91
6130 137
6131 81
6132 97
6133 84
6134 109
6135 97
6136 95
6137 99
6138 132
6139 79
6140 87
6141 136
6142 109
6143 82
6144 91
6145 139
6146 79
6147 81
6148 122
6149 84
6150 82
6151 101
6152 120
6153 107
6154 95
6155 88
6156 86
6157 98
6158 88
6159 114
6160 94
6161 84
6162 95
6163 116
6164 85
6165 85
6166 122
6167 78
6168 88
6169 96
6170 124
6171 96
6172 98
6173 75
6174 112
6175 89
6176 90
6177 117
6178 87
6179 96
6180 85
6181 122
6182 78
6183 82
6184 129
6185 94
6186 93
6187 104
6188 107
6189 93
6190 73
6191 117
6192 132
6193 87
6194 98
6195 114
6196 95
6197 104
6198 123
6199 132
6200 100
6201 89
6202 84
6203 117
6204 99
6205 101
6206 134
6207 92
6208 90
6209 89
6210 142
6211 69
6212 108
6213 129
6214 102
6215 94
6216 96
6217 113
6218 98
6219 94
6220 87
6221 122
6222 91
6223 86
6224 136
6225 101
6226 110
6227 84
6228 124
6229 86
6230 73
6231 132
6232 92
6233 75
6234 94
6235 116
6236 89
6237 101
6238 78
6239 129
6240 103
6241 88
6242 127
6243 91
6244 96
6245 106
6246 131
6247 81
6248 105
6249 106
6250 102
6251 91
6252 99
6253 108
6254 91
6255 102
6256 86
6257 135
6258 87
6259 71
6260 133
6261 100
6262 85
6263 87
6264 128
6265 99
6266 112
6267 106
6268 128
6269 84
6270 78
6271 117
6272 81
6273 95
6274 98
6275 121
6276 100
6277 97
6278 133
6279 84
6280 97
6281 94
6282 125
6283 87
6284 89
6285 101
6286 112
6287 98
6288 76
6289 120
6290 101
6291 74
6292 82
6293 112
6294 82
6295 94
6296 129
6297 89
6298 85
6299 90
6300 107
6301 81
6302 69
6303 70
6304 138
6305 79
6306 93
6307 119
6308 87
6309 87
6310 86
6311 114
6312 74
6313 96
6314 90
6315 110
6316 89
6317 83
6318 120
6319 88
6320 87
6321 83
6322 104
6323 103
6324 88
6325 120
6326 98
6327 96
6328 79
6329 131
6330 91
6331 94
6332 103
6333 111
6334 94
6335 90
6336 119
6337 83
6338 111
6339 89
6340 138
6341 86
6342 115
6343 118
6344 62
6345 91
6346 81
6347 124
6348 85
6349 82
6350 92
6351 128
6352 82
6353 111
6354 116
6355 88
6356 86
6357 97
6358 147
6359 95
6360 109
6361 97
6362 83
6363 87
6364 87
6365 123
6366 98
6367 103
6368 96
6369 123
6370 92
6371 91
6372 122
6373 99
6374 89
6375 86
6376 136
6377 89
6378 99
6379 88
6380 116
6381 85
6382 97
6383 121
6384 100
6385 97
6386 76
6387 123
6388 84
6389 105
6390 144
6391 104
6392 89
6393 88
6394 115
6395 81
6396 123
6397 92
6398 121
6399 90
6400 80
6401 117
6402 95
6403 100
6404 101
6405 99
6406 85
6407 86
6408 132
6409 84
6410 93
6411 102
6412 118
6413 102
6414 93
6415 88
6416 133
6417 81
6418 88
6419 127
6420 96
6421 93
6422 90
6423 137
6424 93
6425 83
6426 103
6427 148
6428 94
6429 81
6430 125
6431 89
6432 104
6433 101
6434 91
6435 80
6436 90
6437 112
6438 96
6439 88
6440 96
6441 124
6442 96
6443 81
6444 93
6445 124
6446 76
6447 59
6448 110
6449 95
6450 91
6451 68
6452 119
6453 104
6454 82
6455 130
6456 97
6457 97
6458 79
6459 143
6460 88
6461 91
6462 111
6463 104
6464 91
6465 81
6466 121
6467 74
6468 105
6469 102
6470 119
6471 97
6472 96
6473 108
6474 104
6475 101
6476 72
6477 108
6478 84
6479 95
6480 93
6481 121
6482 86
6483 82
6484 101
6485 84
6486 97
6487 102
6488 141
6489 95
6490 94
6491 100
6492 131
6493 77
6494 95
6495 111
6496 102
6497 98
6498 87
6499 120
6500 82
6501 86
6502 119
6503 99
6504 85
6505 91
6506 153
6507 105
6508 94
6509 102
6510 132
6511 87
6512 81
6513 108
6514 89
6515 92
6516 85
6517 116
6518 89
6519 94
6520 118
6521 99
6522 79
6523 89
6524 102
6525 101
6526 95
6527 74
6528 127
6529 88
6530 96
6531 126
6532 84
6533 98
6534 93
6535 98
6536 93
6537 90
6538 93
6539 136
6540 100
6541 94
6542 115
6543 70
6544 101
6545 73
6546 139
6547 98
6548 89
6549 134
6550 97
6551 85
6552 107
6553 137
6554 113
6555 92
6556 81
6557 123
6558 88
6559 83
6560 128
6561 96
6562 85
6563 80
6564 135
6565 83
6566 83
6567 134
6568 94
6569 76
6570 92
6571 128
6572 92
6573 87
6574 75
6575 129
6576 92
6577 109
6578 125
6579 99
6580 84
6581 101
6582 148
6583 97
6584 108
6585 110
6586 82
6587 95
6588 86
6589 113
6590 98
6591 83
6592 92
6593 104
6594 84
6595 94
6596 137
6597 101
6598 95
6599 80
6600 128
6601 119
6602 78
6603 85
6604 139
6605 91
6606 103
6607 114
6608 103
6609 76
6610 89
6611 140
6612 87
6613 90
6614 130
6615 81
6616 81
6617 75
6618 110
6619 89
6620 93
6621 93
6622 121
6623 94
6624 94
6625 129
6626 99
6627 105
6628 95
6629 134
6630 98
6631 84
6632 123
6633 97
6634 96
6635 86
6636 124
6637 78
6638 89
6639 98
6640 110
6641 70
6642 77
6643 124
6644 76
6645 108
6646 81
6647 126
6648 89
6649 74
6650 72
6651 134
6652 86
6653 99
6654 125
6655 87
6656 92
6657 91
6658 121
6659 95
6660 67
6661 119
6662 93
6663 83
6664 85
6665 109
6666 81
6667 108
6668 97
6669 108
6670 101
6671 97
6672 123
6673 73
6674 93
6675 109
6676 121
6677 93
6678 91
6679 132
6680 95
6681 96
6682 87
6683 133
6684 83
6685 93
6686 92
6687 110
6688 114
6689 92
6690 114
6691 88
6692 100
6693 102
6694 109
6695 86
6696 86
6697 101
6698 97
6699 82
6700 91
6701 133
6702 81
6703 85
6704 99
6705 132
6706 85
6707 100
6708 133
6709 115
6710 82
6711 86
6712 106
6713 88
6714 99
6715 99
6716 144
6717 89
6718 91
6719 132
6720 96
6721 82
6722 89
6723 116
6724 106
6725 102
6726 113
6727 104
6728 100
6729 116
6730 122
6731 103
6732 85
6733 92
6734 130
6735 96
6736 108
6737 118
6738 88
6739 96
6740 93
6741 136
6742 120
6743 60
6744 110
6745 92
6746 102
6747 94
6748 128
6749 97
6750 91
6751 91
6752 126
6753 106
6754 95
6755 102
6756 111
6757 95
6758 105
6759 122
6760 103
6761 122
6762 87
6763 130
6764 94
6765 91
6766 115
6767 89
6768 116
6769 92
6770 106
6771 91
6772 108
6773 124
6774 81
6775 88
6776 74
6777 118
6778 80
6779 86
6780 77
6781 94
6782 96
6783 89
6784 124
6785 102
6786 83
6787 89
6788 130
6789 107
6790 87
6791 141
6792 103
6793 93
6794 101
6795 135
6796 74
6797 76
6798 89
6799 131
6800 87
6801 87
6802 119
6803 91
6804 92
6805 87
6806 123
6807 91
6808 112
6809 117
6810 96
6811 103
6812 95
6813 108
6814 79
6815 88
6816 82
6817 142
6818 90
6819 91
6820 115
6821 81
6822 79
6823 106
6824 116
6825 87
6826 91
6827 82
6828 119
6829 109
6830 85
6831 140
6832 105
6833 85
6834 93
6835 122
6836 86
6837 91
6838 113
6839 109
6840 98
6841 85
6842 123
6843 85
6844 86
6845 84
6846 123
6847 88
6848 84
6849 120
6850 101
6851 91
6852 93
6853 130
6854 100
6855 79
6856 113
6857 85
6858 86
6859 81
6860 127
6861 86
6862 105
6863 97
6864 138
6865 79
6866 95
6867 136
6868 93
6869 89
6870 112
6871 131
6872 91
6873 88
6874 83
6875 112
6876 90
6877 106
6878 139
6879 95
6880 116
6881 88
6882 112
6883 77
6884 107
6885 130
6886 98
6887 89
6888 102
6889 122
6890 95
6891 94
6892 95
6893 121
6894 111
6895 75
6896 117
6897 90
6898 98
6899 78
6900 140
6901 91
6902 105
6903 138
6904 107
6905 82
6906 99
6907 105
6908 102
6909 89
6910 85
6911 134
6912 92
6913 94
6914 121
6915 100
6916 88
6917 87
6918 125
6919 102
6920 85
6921 121
6922 87
6923 80
6924 92
6925 126
6926 84
6927 90
6928 84
6929 142
6930 97
6931 105
6932 131
6933 100
6934 90
6935 97
6936 133
6937 69
6938 91
6939 98
6940 117
6941 80
6942 102
6943 118
6944 98
6945 97
6946 91
6947 127
6948 87
6949 96
6950 112
6951 106
6952 82
6953 90
6954 131
6955 91
6956 80
6957 88
6958 128
6959 87
6960 91
6961 105
6962 83
6963 86
6964 94
6965 107
6966 98
6967 71
6968 120
6969 119
6970 94
6971 72
6972 127
6973 91
6974 100
6975 101
6976 130
6977 91
6978 97
6979 133
6980 81
6981 83
6982 85
6983 124
6984 93
6985 101
6986 125
6987 94
6988 98
6989 82
6990 125
6991 76
6992 83
6993 90
6994 119
6995 114
6996 92
6997 124
6998 95
6999 82
7000 94
7001 113
7002 83
7003 92
7004 100
7005 112
7006 88
7007 92
7008 112
7009 88
7010 96
7011 104
7012 107
7013 82
7014 97
7015 119
7016 96
7017 82
7018 98
7019 116
7020 92
7021 95
7022 102
7023 135
7024 97
7025 96
7026 121
7027 89
7028 80
7029 86
7030 118
7031 112
7032 93
7033 116
7034 95
7035 91
7036 93
7037 139
7038 104
7039 87
7040 114
7041 120
7042 89
7043 88
7044 130
7045 98
7046 86
7047 86
7048 115
7049 81
7050 87
7051 102
7052 118
7053 94
7054 92
7055 141
7056 95
7057 83
7058 99
7059 107
7060 100
7061 87
7062 133
7063 75
7064 86
7065 94
7066 110
7067 102
7068 93
7069 77
7070 120
7071 107
7072 95
7073 117
7074 78
7075 80
7076 81
7077 151
7078 97
7079 80
7080 133
7081 85
7082 102
7083 79
7084 143
7085 83
7086 81
7087 75
7088 116
7089 80
7090 101
7091 118
7092 100
7093 86
7094 96
7095 116
7096 106
7097 84
7098 117
7099 110
7100 90
7101 91
7102 120
7103 77
7104 80
7105 88
7106 138
7107 107
7108 76
7109 113
7110 82
7111 94
7112 94
7113 122
7114 114
7115 78
7116 93
7117 117
7118 79
7119 85
7120 127
7121 91
7122 76
7123 90
7124 124
7125 86
7126 90
7127 133
7128 88
7129 93
7130 84
7131 118
7132 82
7133 94
7134 78
7135 117
7136 93
7137 75
7138 124
7139 100
7140 96
7141 92
7142 131
7143 83
7144 83
7145 127
7146 94
7147 89
7148 88
7149 113
7150 90
7151 97
7152 110
7153 130
7154 92
7155 102
7156 103
7157 85
7158 85
7159 101
7160 124
7161 80
7162 95
7163 64
7164 115
7165 86
7166 88
7167 117
7168 83
7169 117
7170 90
7171 115
7172 91
7173 79
7174 128
7175 91
7176 81
7177 98
7178 133
7179 94
7180 91
7181 96
7182 145
7183 95
7184 96
7185 116
7186 88
7187 94
7188 86
7189 126
7190 102
7191 88
7192 110
7193 89
7194 93
7195 109
7196 119
7197 81
7198 86
7199 100
7200 129
7201 100
7202 105
7203 119
7204 100
7205 89
7206 97
7207 109
7208 89
7209 107
7210 118
7211 93
7212 93
7213 102
7214 125
7215 103
7216 82
7217 84
7218 116
7219 94
7220 76
7221 149
7222 95
7223 95
7224 95
7225 134
7226 86
7227 92
7228 101
7229 143
7230 102
7231 78
7232 124
7233 93
7234 84
7235 86
7236 127
7237 93
7238 71
7239 113
7240 83
7241 90
7242 103
7243 122
7244 87
7245 101
7246 95
7247 103
7248 92
7249 83
7250 113
7251 106
7252 91
7253 108
7254 133
7255 87
7256 83
7257 116
7258 84
7259 80
7260 106
7261 119
7262 97
7263 102
7264 75
7265 133
7266 86
7267 97
7268 131
7269 81
7270 93
7271 82
7272 136
7273 91
7274 104
7275 101
7276 125
7277 92
7278 107
7279 119
7280 91
7281 81
7282 96
7283 125
7284 109
7285 99
7286 122
7287 91
7288 115
7289 93
7290 121
7291 72
7292 71
7293 89
7294 125
7295 94
7296 76
7297 129
7298 72
7299 92
7300 86
7301 116
7302 83
7303 87
7304 119
7305 86
7306 79
7307 100
7308 132
7309 91
7310 84
7311 102
7312 137
7313 99
7314 95
7315 114
7316 94
7317 87
7318 88
7319 127
7320 103
7321 94
7322 116
7323 100
7324 101
7325 105
7326 143
7327 92
7328 94
7329 81
7330 125
7331 107
7332 92
7333 135
7334 91
7335 82
7336 82
7337 125
7338 89
7339 93
7340 90
7341 112
7342 88
7343 82
7344 118
7345 90
7346 121
7347 91
7348 128
7349 101
7350 87
7351 116
7352 87
7353 100
7354 74
7355 126
7356 86
7357 92
7358 81
7359 133
7360 98
7361 79
7362 133
7363 86
7364 92
7365 94
7366 136
7367 94
7368 95
7369 110
7370 110
7371 78
7372 97
7373 107
7374 99
7375 84
7376 97
7377 109
7378 88
7379 109
7380 140
7381 82
7382 92
7383 82
7384 119
7385 99
7386 85
7387 62
7388 97
7389 78
7390 91
7391 117
7392 87
7393 114
7394 93
7395 137
7396 92
7397 94
7398 122
7399 79
7400 88
7401 81
7402 120
7403 98
7404 90
7405 87
7406 113
7407 93
7408 94
7409 134
7410 84
7411 76
7412 87
7413 128
7414 95
7415 86
7416 117
7417 107
7418 85
7419 89
7420 120
7421 90
7422 84
7423 101
7424 117
7425 94
7426 109
7427 125
7428 89
7429 94
7430 88
7431 131
7432 84
7433 111
7434 134
7435 86
7436 80
7437 81
7438 132
7439 94
7440 79
7441 87
7442 145
7443 89
7444 100
7445 121
7446 103
7447 82
7448 77
7449 120
7450 92
7451 86
7452 79
7453 115
7454 100
7455 107
7456 115
7457 104
7458 93
7459 115
7460 118
7461 111
7462 109
7463 122
7464 91
7465 78
7466 95
7467 135
7468 90
7469 79
7470 77
7471 126
7472 97
7473 102
7474 138
7475 94
7476 85
7477 89
7478 155
7479 104
7480 92
7481 111
7482 85
7483 106
7484 89
7485 106
7486 87
7487 85
7488 95
7489 119
7490 99
7491 102
7492 132
7493 96
7494 89
7495 102
7496 134
7497 93
7498 100
7499 85
7500 120
7501 88
7502 92
7503 115
7504 107
7505 83
7506 91
7507 112
7508 74
7509 84
7510 106
7511 94
7512 93
7513 88
7514 127
7515 90
7516 103
7517 102
7518 127
7519 79
7520 106
7521 128
7522 86
7523 109
7524 101
7525 124
7526 87
7527 103
7528 124
7529 100
7530 118
7531 90
7532 118
7533 88
7534 95
7535 101
7536 116
7537 97
7538 99
7539 116
7540 89
7541 88
7542 90
7543 126
7544 98
7545 87
7546 132
7547 94
7548 97
7549 82
7550 127
7551 77
7552 89
7553 74
7554 132
7555 89
7556 87
7557 130
7558 93
7559 96
7560 83
7561 102
7562 108
7563 95
7564 96
7565 137
7566 107
7567 89
7568 132
7569 75
7570 93
7571 92
7572 121
7573 80
7574 87
7575 120
7576 85
7577 89
7578 102
7579 106
7580 91
7581 89
7582 88
7583 114
7584 99
7585 92
7586 123
7587 93
7588 84
7589 100
7590 121
7591 93
7592 79
7593 122
7594 80
7595 92
7596 94
7597 132
7598 89
7599 101
7600 96
7601 137
7602 97
7603 88
7604 129
7605 89
7606 83
7607 105
7608 122
7609 83
7610 100
7611 115
7612 79
7613 95
7614 96
7615 140
7616 95
7617 70
7618 82
7619 110
7620 105
7621 86
7622 144
7623 99
7624 103
7625 91
7626 126
7627 87
7628 91
7629 111
7630 112
7631 93
7632 90
7633 118
7634 91
7635 90
7636 100
7637 140
7638 80
7639 94
7640 127
7641 99
7642 90
7643 74
7644 135
7645 93
7646 99
7647 82
7648 121
7649 90
7650 84
7651 138
7652 87
7653 96
7654 94
7655 114
7656 79
7657 90
7658 127
7659 105
7660 91
7661 101
7662 132
7663 88
7664 97
7665 93
7666 117
7667 83
7668 93
7669 127
7670 82
7671 80
7672 89
7673 116
7674 101
7675 77
7676 90
7677 146
7678 94
7679 81
7680 122
7681 79
7682 119
7683 98
7684 141
7685 90
7686 88
7687 134
7688 89
7689 86
7690 81
7691 120
7692 80
7693 88
7694 98
7695 106
7696 93
7697 87
7698 119
7699 95
7700 99
7701 110
7702 115
7703 90
7704 78
7705 111
7706 97
7707 110
7708 78
7709 112
7710 76
7711 89
7712 84
7713 129
7714 91
7715 92
7716 126
7717 95
7718 85
7719 101
7720 115
7721 81
7722 84
7723 118
7724 95
7725 101
7726 102
7727 118
7728 91
7729 95
7730 97
7731 135
7732 80
7733 95
7734 118
7735 89
7736 103
7737 101
7738 162
7739 76
7740 100
7741 105
7742 110
7743 96
7744 87
7745 131
7746 93
7747 82
7748 93
7749 103
7750 73
7751 81
7752 104
7753 100
7754 83
7755 89
7756 144
7757 94
7758 102
7759 87
7760 101
7761 89
7762 99
7763 143
7764 83
7765 85
7766 89
7767 125
7768 80
7769 99
7770 103
7771 101
7772 102
7773 103
7774 126
7775 92
7776 88
7777 88
7778 118
7779 108
7780 79
7781 127
7782 92
7783 91
7784 80
7785 124
7786 86
7787 95
7788 97
7789 106
7790 96
7791 95
7792 104
7793 72
7794 79
7795 92
7796 146
7797 103
7798 96
7799 123
7800 97
7801 90
7802 105
7803 125
7804 81
7805 104
7806 90
7807 109
7808 90
7809 94
7810 110
7811 91
7812 99
7813 93
7814 118
7815 109
7816 94
7817 134
7818 99
7819 94
7820 84
7821 133
7822 89
7823 83
7824 94
7825 122
7826 90
7827 96
7828 135
7829 84
7830 95
7831 93
7832 104
7833 98
7834 98
7835 129
7836 85
7837 74
7838 83
7839 137
7840 107
7841 104
7842 106
7843 120
7844 87
7845 85
7846 116
7847 104
7848 94
7849 83
7850 123
7851 88
7852 93
7853 96
7854 122
7855 86
7856 79
7857 112
7858 97
7859 80
7860 87
7861 123
7862 94
7863 109
7864 134
7865 110
7866 115
7867 90
7868 117
7869 81
7870 98
7871 82
7872 116
7873 95
7874 100
7875 132
7876 108
7877 79
7878 96
7879 124
7880 84
7881 97
7882 116
7883 88
7884 89
7885 91
7886 108
7887 111
7888 90
7889 86
7890 129
7891 77
7892 92
7893 115
7894 86
7895 92
7896 99
7897 134
7898 102
7899 100
7900 108
7901 129
7902 90
7903 84
7904 94
7905 89
7906 111
7907 81
7908 104
7909 100
7910 96
7911 123
7912 99
7913 90
7914 92
7915 125
7916 93
7917 82
7918 87
7919 108
7920 91
7921 86
7922 116
7923 101
7924 95
7925 86
7926 128
7927 90
7928 92
7929 130
7930 76
7931 111
7932 91
7933 128
7934 90
7935 87
7936 102
7937 128
7938 110
7939 82
7940 137
7941 101
7942 93
7943 86
7944 118
7945 98
7946 79
7947 121
7948 95
7949 100
7950 90
7951 107
7952 89
7953 93
7954 100
7955 128
7956 86
7957 104
7958 117
7959 81
7960 85
7961 89
7962 144
7963 86
7964 82
7965 94
7966 120
7967 87
7968 86
7969 131
7970 111
7971 79
7972 88
7973 125
7974 106
7975 113
7976 95
7977 79
7978 91
7979 103
7980 113
7981 86
7982 104
7983 76
7984 122
7985 80
7986 104
7987 103
7988 91
7989 81
7990 91
7991 106
7992 87
7993 109
7994 130
7995 104
7996 91
7997 102
7998 112
7999 90
8000 82
8001 94
8002 129
8003 83
8004 95
8005 117
8006 86
8007 87
8008 88
8009 127
8010 88
8011 92
8012 94
8013 124
8014 117
8015 99
8016 120
8017 98
8018 82
8019 88
8020 131
8021 74
8022 102
8023 106
8024 77
8025 87
8026 102
8027 138
8028 87
8029 72
8030 70
8031 137
8032 89
8033 83
8034 107
8035 86
8036 101
8037 84
8038 140
8039 76
8040 74
8041 138
8042 79
8043 105
8044 100
8045 99
8046 114
8047 99
8048 90
8049 125
8050 92
8051 84
8052 114
8053 118
8054 80
8055 90
8056 126
8057 92
8058 97
8059 123
8060 76
8061 73
8062 95
8063 113
8064 91
8065 97
8066 99
8067 130
8068 81
8069 90
8070 123
8071 102
8072 98
8073 104
8074 133
8075 88
8076 82
8077 104
8078 120
8079 91
8080 92
8081 125
8082 86
8083 90
8084 108
8085 114
8086 95
8087 84
8088 129
8089 92
8090 88
8091 97
8092 130
8093 80
8094 101
8095 93
8096 119
8097 86
8098 90
8099 130
8100 84
8101 70
8102 87
8103 107
8104 106
8105 104
8106 116
8107 92
8108 88
8109 90
8110 109
8111 92
8112 85
8113 100
8114 117
8115 88
8116 81
8117 132
8118 93
8119 97
8120 104
8121 105
8122 90
8123 78
8124 83
8125 129
8126 81
8127 84
8128 130
8129 99
8130 94
8131 100
8132 122
8133 93
8134 110
8135 124
8136 78
8137 89
8138 113
8139 141
8140 107
8141 106
8142 78
8143 124
8144 105
8145 83
8146 136
8147 74
8148 82
8149 94
8150 119
8151 101
8152 78
8153 116
8154 101
8155 99
8156 85
8157 112
8158 97
8159 85
8160 101
8161 120
8162 92
8163 78
8164 129
8165 92
8166 79
8167 108
8168 131
8169 84
8170 78
8171 104
8172 87
8173 81
8174 97
8175 123
8176 75
8177 91
8178 83
8179 117
8180 95
8181 77
8182 125
8183 91
8184 93
8185 93
8186 129
8187 82
8188 81
8189 76
8190 139
8191 98
8192 89
8193 135
8194 106
8195 90
8196 87
8197 120
8198 89
8199 91
8200 122
8201 96
8202 81
8203 96
8204 145
8205 91
8206 93
8207 85
8208 117
8209 76
8210 104
8211 128
8212 86
8213 93
8214 104
8215 126
8216 86
8217 86
8218 128
8219 97
8220 90
8221 91
8222 141
8223 76
8224 101
8225 85
8226 93
8227 99
8228 104
8229 129
8230 88
8231 87
8232 83
8233 108
8234 80
8235 100
8236 93
8237 126
8238 101
8239 98
8240 127
8241 103
8242 81
8243 94
8244 143
8245 95
8246 100
8247 142
8248 83
8249 84
8250 101
8251 116
8252 90
8253 82
8254 80
8255 121
8256 101
8257 88
8258 131
8259 81
8260 91
8261 94
8262 111
8263 109
8264 87
8265 124
8266 100
8267 67
8268 77
8269 129
8270 78
8271 109
8272 89
8273 107
8274 87
8275 90
8276 113
8277 92
8278 94
8279 74
8280 125
8281 90
8282 87
8283 96
8284 100
8285 104
8286 82
8287 119
8288 100
8289 88
8290 109
8291 138
8292 77
8293 92
8294 128
8295 79
8296 84
8297 93
8298 124
8299 93
8300 94
8301 80
8302 118
8303 92
8304 68
8305 113
8306 85
8307 86
8308 96
8309 113
8310 94
8311 91
8312 134
8313 100
8314 86
8315 68
8316 153
8317 100
8318 89
8319 99
8320 126
8321 92
8322 106
8323 122
8324 105
8325 108
8326 85
8327 116
8328 102
8329 93
8330 126
8331 109
8332 95
8333 96
8334 135
8335 106
8336 128
8337 94
8338 121
8339 107
8340 81
8341 124
8342 98
8343 102
8344 83
8345 119
8346 89
8347 96
8348 114
8349 97
8350 90
8351 102
8352 107
8353 111
8354 91
8355 98
8356 123
8357 92
8358 86
8359 121
8360 89
8361 100
8362 92
8363 151
8364 86
8365 114
8366 104
8367 121
8368 91
8369 94
8370 112
8371 84
8372 104
8373 102
8374 124
8375 99
8376 100
8377 140
8378 94
8379 106
8380 84
8381 120
8382 80
8383 109
8384 95
8385 112
8386 104
8387 105
8388 128
8389 81
8390 67
8391 95
8392 101
8393 70
8394 98
8395 129
8396 93
8397 103
8398 87
8399 107
8400 89
8401 85
8402 88
8403 116
8404 93
8405 98
8406 141
8407 106
8408 85
8409 87
8410 118
8411 83
8412 81
8413 94
8414 134
8415 84
8416 93
8417 118
8418 86
8419 105
8420 86
8421 110
8422 93
8423 100
8424 109
8425 77
8426 100
8427 93
8428 142
8429 107
8430 83
8431 93
8432 125
8433 102
8434 81
8435 119
8436 81
8437 77
8438 91
8439 139
8440 81
8441 87
8442 133
8443 89
8444 93
8445 83
8446 138
8447 73
8448 85
8449 92
8450 133
8451 92
8452 99
8453 109
8454 83
8455 96
8456 101
8457 142
8458 99
8459 100
8460 111
8461 98
8462 95
8463 91
8464 127
8465 114
8466 78
8467 83
8468 121
8469 91
8470 86
8471 131
8472 84
8473 81
8474 88
8475 134
8476 91
8477 91
8478 83
8479 115
8480 96
8481 91
8482 130
8483 87
8484 92
8485 96
8486 103
8487 87
8488 92
8489 138
8490 80
8491 102
8492 92
8493 113
8494 98
8495 93
8496 104
8497 129
8498 94
8499 89
8500 121
8501 86
8502 117
8503 85
8504 110
8505 94
8506 79
8507 106
8508 82
8509 90
8510 100
8511 124
8512 99
8513 92
8514 101
8515 129
8516 94
8517 93
8518 107
8519 93
8520 94
8521 98
8522 118
8523 85
8524 90
8525 85
8526 126
8527 116
8528 99
8529 134
8530 96
8531 93
8532 91
8533 134
8534 89
8535 97
8536 110
8537 81
8538 84
8539 85
8540 118
8541 96
8542 96
8543 104
8544 113
8545 96
8546 89
8547 127
8548 102
8549 106
8550 81
8551 144
8552 108
8553 98
8554 112
8555 89
8556 96
8557 92
8558 101
8559 83
8560 101
8561 94
8562 117
8563 88
8564 90
8565 107
8566 99
8567 104
8568 94
8569 124
8570 95
8571 95
8572 122
8573 104
8574 95
8575 87
8576 127
8577 96
8578 83
8579 90
8580 115
8581 98
8582 87
8583 137
8584 81
8585 102
8586 103
8587 136
8588 89
8589 90
8590 91
8591 114
8592 99
8593 90
8594 107
8595 105
8596 84
8597 93
8598 128
8599 102
8600 92
8601 134
8602 108
8603 95
8604 78
8605 117
8606 90
8607 107
8608 85
8609 109
8610 71
8611 105
8612 120
8613 106
8614 84
8615 88
8616 123
8617 93
8618 93
8619 104
8620 87
8621 93
8622 92
8623 115
8624 88
8625 82
8626 92
8627 137
8628 85
8629 93
8630 133
8631 105
8632 91
8633 105
8634 125
8635 95
8636 98
8637 102
8638 129
8639 100
8640 88
8641 114
8642 92
8643 88
8644 85
8645 126
8646 93
8647 100
8648 115
8649 75
8650 103
8651 88
8652 131
8653 93
8654 101
8655 86
8656 136
8657 87
8658 82
8659 108
8660 95
8661 97
8662 86
8663 130
8664 89
8665 85
8666 126
8667 107
8668 80
8669 95
8670 111
8671 75
8672 84
8673 75
8674 128
8675 89
8676 105
8677 118
8678 82
8679 84
8680 81
8681 113
8682 107
8683 91
8684 120
8685 85
8686 87
8687 93
8688 117
8689 103
8690 95
8691 92
8692 118
8693 89
8694 80
8695 115
8696 89
8697 78
8698 101
8699 125
8700 90
8701 80
8702 90
8703 130
8704 101
8705 95
8706 126
8707 97
8708 100
8709 78
8710 89
8711 87
8712 100
8713 133
8714 111
8715 93
8716 92
8717 121
8718 98
8719 86
8720 80
8721 121
8722 83
8723 81
8724 114
8725 88
8726 83
8727 95
8728 146
8729 105
8730 75
8731 130
8732 75
8733 85
8734 77
8735 107
8736 88
8737 101
8738 77
8739 116
8740 92
8741 92
8742 113
8743 84
8744 100
8745 89
8746 111
8747 91
8748 95
8749 93
8750 134
8751 97
8752 90
8753 102
8754 92
8755 77
8756 100
8757 131
8758 100
8759 101
8760 108
8761 78
8762 116
8763 85
8764 126
8765 93
8766 83
8767 92
8768 128
8769 85
8770 107
8771 144
8772 92
8773 107
8774 75
8775 123
8776 99
8777 85
8778 137
8779 86
8780 83
8781 94
8782 119
8783 100
8784 98
8785 102
8786 114
8787 77
8788 80
8789 117
8790 107
8791 100
8792 79
8793 122
8794 94
8795 95
8796 124
8797 101
8798 87
8799 98
8800 124
8801 107
8802 106
8803 91
8804 127
8805 93
8806 96
8807 109
8808 85
8809 82
8810 92
8811 127
8812 81
8813 79
8814 88
8815 116
8816 119
8817 94
8818 127
8819 90
8820 94
8821 100
8822 105
8823 91
8824 77
8825 115
8826 106
8827 76
8828 81
8829 120
8830 91
8831 92
8832 84
8833 116
8834 84
8835 86
8836 115
8837 88
8838 81
8839 108
8840 136
8841 107
8842 98
8843 114
8844 116
8845 84
8846 112
8847 138
8848 101
8849 92
8850 72
8851 113
8852 103
8853 95
8854 135
8855 69
8856 84
8857 96
8858 130
8859 94
8860 94
8861 102
8862 127
8863 95
8864 96
8865 114
8866 86
8867 93
8868 88
8869 106
8870 90
8871 101
8872 120
8873 89
8874 113
8875 95
8876 128
8877 94
8878 86
8879 87
8880 111
8881 91
8882 103
8883 129
8884 84
8885 67
8886 95
8887 132
8888 86
8889 84
8890 118
8891 74
8892 97
8893 88
8894 117
8895 85
8896 89
8897 74
8898 105
8899 100
8900 91
8901 122
8902 80
8903 115
8904 100
8905 122
8906 87
8907 84
8908 125
8909 98
8910 82
8911 86
8912 128
8913 95
8914 77
8915 95
8916 122
8917 94
8918 105
8919 117
8920 89
8921 59
8922 95
8923 118
8924 91
8925 103
8926 94
8927 133
8928 110
8929 107
8930 119
8931 96
8932 84
8933 83
8934 137
8935 90
8936 93
8937 150
8938 92
8939 84
8940 96
8941 114
8942 79
8943 75
8944 99
8945 121
8946 91
8947 96
8948 116
8949 77
8950 96
8951 79
8952 127
8953 89
8954 103
8955 117
8956 78
8957 71
8958 71
8959 114
8960 101
8961 80
8962 89
8963 111
8964 92
8965 87
8966 133
8967 101
8968 98
8969 85
8970 120
8971 112
8972 83
8973 111
8974 91
8975 78
8976 92
8977 140
8978 101
8979 98
8980 99
8981 118
8982 80
8983 102
8984 116
8985 96
8986 111
8987 95
8988 98
8989 75
8990 93
8991 88
8992 129
8993 89
8994 81
8995 119
8996 72
8997 99
8998 102
8999 109
9000 99
9001 98
9002 137
9003 74
9004 92
9005 111
9006 133
9007 95
9008 87
9009 84
9010 111
9011 110
9012 85
9013 106
9014 76
9015 95
9016 86
9017 117
9018 101
9019 77
9020 111
9021 83
9022 110
9023 81
9024 121
9025 86
9026 87
9027 99
9028 126
9029 91
9030 100
9031 125
9032 86
9033 85
9034 79
9035 156
9036 98
9037 76
9038 84
9039 132
9040 88
9041 91
9042 116
9043 83
9044 98
9045 108
9046 124
9047 89
9048 85
9049 124
9050 94
9051 95
9052 85
9053 129
9054 92
9055 88
9056 102
9057 128
9058 91
9059 83
9060 133
9061 101
9062 99
9063 79
9064 126
9065 91
9066 87
9067 133
9068 109
9069 100
9070 100
9071 118
9072 107
9073 79
9074 100
9075 106
9076 92
9077 86
9078 115
9079 95
9080 109
9081 85
9082 116
9083 81
9084 78
9085 114
9086 96
9087 93
9088 85
9089 120
9090 101
9091 86
9092 88
9093 121
9094 95
9095 91
9096 130
9097 88
9098 78
9099 99
9100 112
9101 98
9102 97
9103 92
9104 110
9105 88
9106 91
9107 118
9108 92
9109 100
9110 98
9111 127
9112 96
9113 99
9114 115
9115 81
9116 108
9117 94
9118 120
9119 87
9120 78
9121 78
9122 120
9123 84
9124 74
9125 140
9126 77
9127 87
9128 108
9129 115
9130 90
9131 76
9132 116
9133 87
9134 95
9135 84
9136 125
9137 111
9138 84
9139 89
9140 142
9141 90
9142 89
9143 135
9144 76
9145 86
9146 76
9147 117
9148 89
9149 91
9150 83
9151 118
9152 85
9153 96
9154 123
9155 98
9156 100
9157 99
9158 109
9159 99
9160 94
9161 132
9162 84
9163 90
9164 92
9165 114
9166 87
9167 70
9168 93
9169 116
9170 80
9171 98
9172 126
9173 96
9174 86
9175 79
9176 120
9177 114
9178 87
9179 117
9180 84
9181 85
9182 94
9183 133
9184 88
9185 87
9186 99
9187 132
9188 97
9189 102
9190 106
9191 110
9192 97
9193 78
9194 105
9195 100
9196 81
9197 119
9198 99
9199 84
9200 108
9201 117
9202 97
9203 78
9204 81
9205 107
9206 101
9207 88
9208 100
9209 96
9210 94
9211 105
9212 111
9213 98
9214 86
9215 96
9216 120
9217 94
9218 91
9219 120
9220 94
9221 81
9222 76
9223 116
9224 89
9225 87
9226 132
9227 90
9228 92
9229 102
9230 136
9231 109
9232 114
9233 84
9234 129
9235 102
9236 84
9237 128
9238 103
9239 84
9240 87
9241 136
9242 104
9243 85
9244 115
9245 104
9246 90
9247 98
9248 102
9249 106
9250 106
9251 100
9252 117
9253 96
9254 78
9255 117
9256 78
9257 90
9258 86
9259 116
9260 100
9261 111
9262 93
9263 114
9264 89
9265 84
9266 122
9267 96
9268 89
9269 68
9270 118
9271 88
9272 86
9273 124
9274 84
9275 89
9276 87
9277 105
9278 107
9279 94
9280 99
9281 105
9282 93
9283 87
9284 113
9285 91
9286 69
9287 82
9288 112
9289 89
9290 88
9291 115
9292 79
9293 75
9294 98
9295 105
9296 72
9297 77
9298 97
9299 115
9300 93
9301 81
9302 119
9303 102
9304 97
9305 76
9306 120
9307 85
9308 95
9309 116
9310 96
9311 94
9312 91
9313 118
9314 84
9315 72
9316 107
9317 123
9318 87
9319 98
9320 130
9321 96
9322 84
9323 92
9324 121
9325 85
9326 98
9327 88
9328 148
9329 101
9330 93
9331 121
9332 82
9333 84
9334 105
9335 135
9336 95
9337 93
9338 132
9339 64
9340 100
9341 93
9342 134
9343 80
9344 94
9345 91
9346 139
9347 98
9348 86
9349 112
9350 121
9351 88
9352 95
9353 111
9354 98
9355 95
9356 129
9357 76
9358 94
9359 82
9360 112
9361 94
9362 108
9363 96
9364 127
9365 99
9366 107
9367 122
9368 104
9369 76
9370 82
9371 125
9372 78
9373 89
9374 93
9375 120
9376 79
9377 93
9378 132
9379 87
9380 80
9381 93
9382 146
9383 86
9384 94
9385 122
9386 88
9387 94
9388 82
9389 122
9390 68
9391 109
9392 92
9393 92
9394 88
9395 93
9396 124
9397 100
9398 84
9399 89
9400 107
9401 77
9402 92
9403 133
9404 96
9405 97
9406 100
9407 110
9408 96
9409 99
9410 79
9411 128
9412 85
9413 90
9414 121
9415 98
9416 95
9417 97
9418 110
9419 91
9420 88
9421 125
9422 89
9423 90
9424 93
9425 126
9426 89
9427 79
9428 77
9429 106
9430 98
9431 84
9432 121
9433 118
9434 89
9435 76
9436 112
9437 100
9438 80
9439 96
9440 148
9441 86
9442 69
9443 122
9444 86
9445 98
9446 93
9447 106
9448 92
9449 87
9450 109
9451 83
9452 89
9453 96
9454 130
9455 100
9456 92
9457 99
9458 112
9459 103
9460 83
9461 121
9462 99
9463 90
9464 100
9465 137
9466 75
9467 89
9468 129
9469 109
9470 90
9471 83
9472 118
9473 97
9474 87
9475 96
9476 116
9477 79
9478 85
9479 113
9480 93
9481 103
9482 105
9483 104
9484 90
9485 86
9486 95
9487 137
9488 94
9489 99
9490 134
9491 87
9492 93
9493 89
9494 118
9495 94
9496 114
9497 130
9498 108
9499 93
9500 90
9501 112
9502 80
9503 86
9504 100
9505 120
9506 97
9507 75
9508 128
9509 79
9510 84
9511 96
9512 108
9513 102
9514 100
9515 134
9516 102
9517 99
9518 81
9519 119
9520 102
9521 88
9522 94
9523 105
9524 90
9525 98
9526 122
9527 113
9528 104
9529 89
9530 131
9531 96
9532 84
9533 127
9534 80
9535 105
9536 103
9537 138
9538 82
9539 92
9540 101
9541 102
9542 92
9543 108
9544 122
9545 97
9546 78
9547 95
9548 119
9549 93
9550 99
9551 101
9552 102
9553 100
9554 79
9555 126
9556 105
9557 94
9558 78
9559 133
9560 98
9561 83
9562 132
9563 52
9564 72
9565 78
9566 129
9567 82
9568 93
9569 111
9570 119
9571 92
9572 98
9573 108
9574 85
9575 63
9576 103
9577 130
9578 83
9579 91
9580 105
9581 81
9582 95
9583 89
9584 122
9585 97
9586 95
9587 91
9588 101
9589 89
9590 90
9591 128
9592 98
9593 88
9594 104
9595 130
9596 85
9597 107
9598 122
9599 102
9600 104
9601 99
9602 124
9603 82
9604 94
9605 78
9606 119
9607 100
9608 88
9609 108
9610 108
9611 91
9612 86
9613 123
9614 85
9615 106
9616 96
9617 113
9618 100
9619 101
9620 114
9621 65
9622 88
9623 77
9624 113
9625 106
9626 91
9627 108
9628 95
9629 102
9630 84
9631 133
9632 108
9633 102
9634 98
9635 103
9636 85
9637 80
9638 107
9639 93
9640 101
9641 92
9642 120
9643 86
9644 79
9645 135
9646 99
9647 98
9648 90
9649 123
9650 110
9651 104
9652 93
9653 127
9654 90
9655 92
9656 118
9657 83
9658 81
9659 94
9660 122
9661 92
9662 81
9663 84
9664 123
9665 88
9666 97
9667 135
9668 108
9669 99
9670 89
9671 113
9672 102
9673 90
9674 124
9675 92
9676 91
9677 74
9678 114
9679 87
9680 99
9681 87
9682 109
9683 83
9684 82
9685 119
9686 94
9687 91
9688 103
9689 124
9690 98
9691 87
9692 109
9693 107
9694 79
9695 80
9696 114
9697 109
9698 97
9699 102
9700 124
9701 97
9702 88
9703 125
9704 95
9705 104
9706 85
9707 124
9708 98
9709 83
9710 100
9711 90
9712 75
9713 94
9714 122
9715 86
9716 70
9717 90
9718 116
9719 109
9720 103
9721 118
9722 93
9723 91
9724 84
9725 130
9726 78
9727 101
9728 76
9729 121
9730 90
9731 86
9732 133
9733 95
9734 91
9735 92
9736 115
9737 93
9738 81
9739 109
9740 103
9741 90
9742 96
9743 114
9744 101
9745 90
9746 86
9747 141
9748 96
9749 89
9750 123
9751 78
9752 107
9753 80
9754 141
9755 106
9756 97
9757 119
9758 107
9759 75
9760 93
9761 139
9762 82
9763 85
9764 91
9765 108
9766 80
9767 102
9768 124
9769 110
9770 89
9771 110
9772 116
9773 95
9774 104
9775 91
9776 119
9777 79
9778 98
9779 110
9780 84
9781 78
9782 85
9783 132
9784 67
9785 89
9786 104
9787 89
9788 103
9789 93
9790 103
9791 90
9792 105
9793 103
9794 146
9795 88
9796 87
9797 113
9798 100
9799 83
9800 78
9801 137
9802 101
9803 88
9804 122
9805 78
9806 101
9807 88
9808 116
9809 83
9810 87
9811 80
9812 121
9813 79
9814 101
9815 132
9816 99
9817 97
9818 76
9819 116
9820 94
9821 84
9822 128
9823 93
9824 101
9825 99
9826 139
9827 92
9828 76
9829 108
9830 100
9831 94
9832 95
9833 128
9834 92
9835 81
9836 115
9837 129
9838 105
9839 81
9840 105
9841 111
9842 98
9843 92
9844 129
9845 87
9846 93
9847 98
9848 112
9849 80
9850 87
9851 126
9852 99
9853 77
9854 81
9855 107
9856 90
9857 96
9858 85
9859 146
9860 100
9861 63
9862 119
9863 99
9864 82
9865 94
9866 132
9867 106
9868 98
9869 132
9870 97
9871 90
9872 96
9873 110
9874 99
9875 80
9876 101
9877 124
9878 87
9879 96
9880 125
9881 79
9882 108
9883 72
9884 122
9885 99
9886 98
9887 78
9888 119
9889 103
9890 87
9891 131
9892 83
9893 94
9894 85
9895 102
9896 76
9897 108
9898 118
9899 99
9900 92
9901 88
9902 142
9903 106
9904 86
9905 86
9906 128
9907 90
9908 82
9909 138
9910 94
9911 95
9912 101
9913 116
9914 68
9915 98
9916 122
9917 97
9918 93
9919 73
9920 122
9921 87
9922 93
9923 95
9924 114
9925 93
9926 86
9927 136
9928 84
9929 125
9930 95
9931 133
9932 92
9933 89
9934 128
9935 82
9936 94
9937 88
9938 133
9939 87
9940 95
9941 77
9942 124
9943 86
9944 84
9945 135
9946 87
9947 96
9948 76
9949 107
9950 89
9951 86
9952 97
9953 106
9954 106
9955 96
9956 137
9957 99
9958 88
9959 96
9960 115
9961 109
9962 103
9963 105
9964 84
9965 89
9966 79
9967 125
9968 82
9969 94
9970 90
9971 125
9972 104
9973 90
9974 106
9975 82
9976 89
9977 83
9978 129
9979 83
9980 123
9981 134
9982 78
9983 97
9984 92
9985 128
9986 104
9987 83
9988 89
9989 116
9990 72
9991 95
9992 124
9993 82
9994 93
9995 115
9996 146
9997 85
9998 91
9999 95
